Sample	Sex	PCW	RIN	ReadLength	PC1	PC2	PC3	PEER1	PEER2	PEER3	PEER4	PEER5	PEER6	PEER7	PEER8	PEER9	PEER10
12545	Female	19	7.699999809265137	2x76bp	-0.2213210016489029	0.04177960008382797	0.05727279931306839	-0.016089720651507378	0.0014363053487613797	-0.004700871184468269	-0.04382665455341339	-0.0016911167185753584	-0.03181292861700058	0.010707920417189598	0.024812400341033936	-0.01532737072557211	0.05997123941779137
12994	Female	15	8.300000190734863	2x76bp	0.05025159940123558	0.0104975001886487	-0.014609100297093391	-0.015977654606103897	0.001722576329484582	-0.0024064064491540194	-0.011004630476236343	-0.0017011846648529172	-0.01624656468629837	-0.005931206047534943	0.042615532875061035	-0.034434784203767776	-0.049287568777799606
15240	Female	13	5.5	2x125bp	0.05440320074558258	0.03821520134806633	0.008338849991559982	-0.01628539338707924	0.0010275783715769649	-0.00111325120087713	0.013616317883133888	-0.0017164787277579308	0.007755957078188658	0.01997583732008934	-0.13315658271312714	-0.20459036529064178	0.044393185526132584
15296	Female	12	7.199999809265137	2x76bp	0.04073610156774521	-0.10920999944210052	0.015590599738061428	-0.016336306929588318	0.001371097401715815	6.692170427413657e-5	-0.03550690412521362	-0.0016386365750804543	0.021956950426101685	-0.0021029755007475615	0.06819486618041992	0.04722243547439575	-0.003404860384762287
15533	Female	13	8.300000190734863	2x100bp	0.04937500134110451	0.005075729917734861	0.04312309995293617	-0.016316046938300133	0.0016889824764803052	0.005256155040115118	-0.12814649939537048	-0.001692419988103211	0.02866499125957489	-0.012100949883460999	3.5496678901836276e-4	-0.02030889131128788	-0.024583976715803146
15768	Female	12	8.899999618530273	2x125bp	0.05200269818305969	0.026228800415992737	-0.009654159657657146	-0.016462035477161407	9.021672303788364e-4	5.152755766175687e-4	-0.041390154510736465	-0.0016800003359094262	0.00958666019141674	0.01350645162165165	-0.06028395891189575	-0.02361450530588627	0.12446330487728119
16286	Female	13	8	2x125bp	0.05195879936218262	0.03663169965147972	0.005774700082838535	-0.016371149569749832	0.0010165282292291522	7.220703992061317e-4	0.04918597638607025	-0.0016790184890851378	-0.010815258137881756	-0.020326973870396614	-0.14657236635684967	-0.048435669392347336	0.005794455297291279
16548	Female	18	6	2x100bp	-0.18113300204277039	0.040534600615501404	0.031125100329518318	-0.016159342601895332	0.001089326455257833	7.820596802048385e-4	-0.08458055555820465	-0.0018086526542901993	-0.004780708812177181	-0.031582530587911606	0.07507088035345078	0.12719787657260895	0.03335261344909668
16840	Female	13	8.199999809265137	2x100bp	0.05590770021080971	0.03752110153436661	-0.004504830110818148	-0.015838859602808952	0.0016204188577830791	-0.0028123026713728905	-0.03257790952920914	-0.0017937286756932735	-0.0018549624364823103	-0.003914594650268555	-0.05676265060901642	0.14221219718456268	0.03083217144012451
17068	Female	17	8.300000190734863	2x100bp	-0.016968300566077232	0.015799900516867638	-0.24479800462722778	-0.015994805842638016	0.0016948950942605734	-8.76908132340759e-4	-0.09778250008821487	-0.0017731154803186655	-0.002003332832828164	-0.004439316224306822	-0.04972824454307556	0.07318218797445297	0.12632501125335693
17081	Female	13	9.100000381469727	2x125bp	0.05743720009922981	0.03415520116686821	0.012111200019717216	-0.01581433229148388	0.001594148576259613	0.0035828109830617905	-0.024086469784379005	-0.0018762432737275958	-0.004772441927343607	-0.037887416779994965	-0.0019513694569468498	-0.028471197932958603	-0.0874299705028534
17109	Female	13	9	2x100bp	0.04915450140833855	0.007008550222963095	-0.015743600204586983	-0.015919752418994904	0.0015474861720576882	-0.001115485094487667	-0.08296943455934525	-0.001805241801775992	0.010120371356606483	-0.004985165316611528	-0.05387008935213089	0.11686038225889206	0.010869075544178486
17111	Female	12	8	2x76bp	0.05023270100355148	-0.038043901324272156	0.02359599992632866	-0.016501395031809807	9.15574433747679e-4	-0.0016360445879399776	-0.041578005999326706	-0.0016338308341801167	0.002700223820284009	-0.011645281687378883	-0.050341565161943436	-0.0036796831991523504	0.01746383309364319
17130	Female	13	7.699999809265137	2x125bp	-0.013678199611604214	0.04058200120925903	0.030597299337387085	-0.01622324436903	0.0013429293176159263	0.0034263392444700003	0.03887278586626053	-0.0017017239006236196	-0.005130872596055269	-0.021692033857107162	-0.03656012564897537	-0.030890656635165215	-0.005632562562823296
17160	Female	17	3.299999952316284	2x125bp	0.05674339830875397	0.03512449935078621	0.027296699583530426	-0.01575435698032379	0.0015143720665946603	6.625460810028017e-4	-0.036588165909051895	-0.0018797630909830332	-0.011906769126653671	0.03243659809231758	-0.04375161975622177	0.04236198961734772	0.11267802864313126
17221	Female	14	9.199999809265137	2x76bp	-0.22714099287986755	0.04430890083312988	0.040855199098587036	-0.016449641436338425	9.750020690262318e-4	3.8714607944712043e-4	0.0011532703647390008	-0.0016793583054095507	-0.018019448965787888	-0.037626322358846664	0.054442163556814194	-0.024831967428326607	-0.06666996330022812
17229	Female	16	4.699999809265137	2x125bp	0.05464629828929901	0.03843940049409866	0.02606469951570034	-0.016232864931225777	0.0014952667988836765	-6.203602533787489e-4	0.021551718935370445	-0.001646580989472568	0.021132441237568855	0.014058226719498634	-0.025278069078922272	0.0020013549365103245	0.10170431435108185
17486	Female	18	2.9000000953674316	2x76bp	-0.21511399745941162	0.038346800953149796	-0.010086899623274803	-0.01606367900967598	0.0016130318399518728	4.2233269778080285e-4	0.024293772876262665	-0.0017199484864249825	0.0030933194793760777	0.011967914178967476	0.05343678221106529	-0.16233281791210175	0.039583880454301834
17543	Female	13	2	2x125bp	0.007684930227696896	-0.14379900693893433	-0.11488299816846848	-0.016403252258896828	8.517528185620904e-4	1.1889159213751554e-4	0.09242593497037888	-0.0016803427133709192	-0.008239046670496464	-0.0031711438205093145	-0.002990907058119774	0.03464498743414879	0.06781317293643951
17666	Female	13	8.600000381469727	2x76bp	-0.22018399834632874	0.04569359868764877	-0.0013080199714750051	-0.015952685847878456	9.256485500372946e-4	-0.004229017533361912	0.005220516584813595	-0.0018926665652543306	-0.02744671143591404	-0.016936009749770164	-0.08166344463825226	-0.03415246680378914	-0.1503521353006363
17753	Female	12	7	2x76bp	-0.1985190063714981	0.05781719833612442	0.08717220276594162	-0.01642034389078617	0.0011827941052615643	-0.001868353458121419	-0.007369863800704479	-0.0016324131283909082	0.010003705509006977	-0.012858198955655098	-0.004030198324471712	-0.01630944013595581	-0.06076658144593239
17812	Female	14	8.600000381469727	2x125bp	-0.017062699422240257	0.014301599934697151	0.007908440195024014	-0.01618250645697117	0.0014107262250036001	0.001527987653389573	0.07971020042896271	-0.0016850180691108108	-9.74702270468697e-5	-0.043634042143821716	-0.008705485612154007	-0.0372992604970932	-0.027035845443606377
17835	Female	13	1.7999999523162842	2x125bp	0.055353399366140366	0.043640200048685074	0.02564059942960739	-0.016395343467593193	8.989219204522669e-4	-0.004749988671392202	0.04929272085428238	-0.0016742537263780832	0.007538690697401762	-0.04144878312945366	0.02133828215301037	-0.07297845184803009	0.08859895169734955
17921	Female	14	2.4000000953674316	2x100bp	0.055896200239658356	0.045166801661252975	1.890400017146021e-4	-0.016352921724319458	8.944916189648211e-4	4.2875309009104967e-4	-0.12391744554042816	-0.001748242531903088	0.020259123295545578	0.022837484255433083	0.06144639849662781	-0.014232361689209938	0.14950434863567352
17923	Female	15	1.899999976158142	2x125bp	0.05642649903893471	0.03866330161690712	0.014498899690806866	-0.016077768057584763	0.0015344714047387242	-5.052730557508767e-4	0.15297697484493256	-0.0016654888167977333	0.006994149647653103	0.004166749306023121	-0.004237574525177479	0.013999061658978462	0.05907845497131348
18015	Female	14	9.100000381469727	2x76bp	-0.20678399503231049	0.049724701792001724	0.040610700845718384	-0.016397221013903618	0.0010399033781141043	-7.550271402578801e-5	0.006017096806317568	-0.0016724604647606611	-0.008794338442385197	-0.011164110153913498	7.103158277459443e-4	-0.016835933551192284	-0.06153768673539162
18139	Female	12	6	2x76bp	-0.022327400743961334	0.019413499161601067	0.03149789944291115	-0.0164804570376873	8.929305477067828e-4	-0.0021368509624153376	-0.043947383761405945	-0.0016450961120426655	8.805738179944456e-4	-0.0020389282144606113	0.015166371129453182	-0.048623617738485336	0.007088705897331238
18241	Female	16	5.900000095367432	2x125bp	0.05554300174117088	0.03727490082383156	0.03240029886364937	-0.016192568466067314	0.0014128572074696422	0.0047470638528466225	0.011180005967617035	-0.0017140349373221397	-0.01845926232635975	0.005219301208853722	-0.02583291567862034	-0.03979728743433952	0.07241939753293991
18266	Female	16	5.400000095367432	2x125bp	0.05542660132050514	0.037354301661252975	-0.005038079805672169	-0.01607382856309414	0.0016114050522446632	-8.662962936796248e-4	0.10118839889764786	-0.0016705887392163277	-1.1280590842943639e-4	0.024527961388230324	-0.01018350850790739	0.0028450442478060722	0.06900729984045029
18282	Female	14	4.599999904632568	2x125bp	0.05290139839053154	0.022866500541567802	-0.0012264100369066	-0.01642654463648796	7.902788929641247e-4	1.9676887313835323e-4	0.01570490002632141	-0.001721294247545302	-0.002718837233260274	0.02088579721748829	0.06124849244952202	0.00972302071750164	0.08359582722187042
18294	Female	17	8.300000190734863	2x125bp	0.052949801087379456	0.03355050086975098	-0.0049282400868833065	-0.01635913737118244	0.0013092532753944397	0.004559352993965149	-0.0415530726313591	-0.001678035594522953	9.78145282715559e-4	-0.017201388254761696	0.03544033318758011	0.08130277693271637	0.07702212780714035
18349	Female	14	8	2x125bp	0.02652769908308983	-0.2390899956226349	0.00641542999073863	-0.01621536910533905	0.001183108426630497	5.934700602665544e-4	0.06736226379871368	-0.0017177785048261285	-0.005005544982850552	-0.004436830058693886	-0.046109266579151154	-0.04108431190252304	-0.0053132446482777596
18355	Female	14	4.599999904632568	2x125bp	-0.06618479639291763	0.040426500141620636	0.03113660030066967	-0.016393888741731644	8.163118036463857e-4	-1.0629279859131202e-4	0.07758884876966476	-0.0017122899880632758	-0.0075395479798316956	0.004382503684610128	0.003995398059487343	-0.014709857292473316	0.09412561357021332
18372	Female	13	7.199999809265137	2	4.8616400454193354e-4	0.03947240114212036	0.005772879812866449	-0.01620795764029026	0.0013250985648483038	0.0026433763559907675	0.10241580754518509	-0.0017246566712856293	0.0058311703614890575	0.03692159056663513	0.09501596540212631	0.078058622777462	-0.04481945559382439
18559	Female	13	3.4000000953674316	2x125bp	0.053013499826192856	0.04149239882826805	-4.08480002079159e-4	-0.01645178534090519	8.259184542112052e-4	-0.0010296656982973218	-0.02708381786942482	-0.0016881839837878942	0.007353245746344328	0.010739120654761791	-0.028333982452750206	-0.04194173589348793	0.15683482587337494
18611	Female	12	6	2x76bp	0.05611959844827652	0.03376090154051781	0.011518900282680988	-0.01649906300008297	9.593318100087345e-4	-0.002886309055611491	-0.012756019830703735	-0.0016141749219968915	-4.375925927888602e-4	-0.006311942357569933	-0.05532318353652954	-0.019572360441088676	-0.02063046023249626
18655	Female	13	8.399999618530273	2x125bp	-0.011323800310492516	-0.5143460035324097	0.10869099944829941	-0.01632947102189064	9.071727399714291e-4	-3.184282104484737e-4	-0.003981423564255238	-0.0017577832331880927	-0.015637746080756187	0.07088051736354828	0.10705844312906265	0.11165093630552292	-0.23220133781433105
18687	Female	14	8.300000190734863	2x125bp	0.05598960071802139	0.028762400150299072	0.002029010094702244	-0.01625722460448742	0.0010917336912825704	7.497254991903901e-4	0.06401626020669937	-0.0017396860057488084	-0.005184279289096594	0.03317870572209358	-0.005019630305469036	0.02700965106487274	-0.03951684385538101
18694	Female	13	7.400000095367432	2x125bp	0.05471879988908768	0.02298640087246895	0.027466900646686554	-0.0164223350584507	8.52764118462801e-4	6.120745092630386e-4	0.009262481704354286	-0.00171522400341928	-0.008745995350182056	0.0077349478378891945	-0.012224278412759304	-0.0017257415456697345	0.0468190535902977
18983	Female	18	4.699999809265137	2x125bp	0.05440770089626312	0.030668700113892555	0.021088700741529465	-0.016473224386572838	0.0010117448400706053	0.0015916720731183887	-0.015504781156778336	-0.0016526852268725634	0.007274041883647442	-0.004443068988621235	-4.5451801270246506e-5	0.10996408760547638	0.10778633505105972
19031	Female	14	6.199999809265137	2x76bp	0.05532990023493767	0.0298250000923872	0.014832199551165104	-0.016356272622942924	9.52450034674257e-4	-0.0017475276254117489	-0.0850585475564003	-0.001684566610492766	-0.002366218715906143	0.016455458477139473	-0.024961862713098526	-0.14667724072933197	-0.007840419188141823
19043	Female	14	4.400000095367432	2x125bp	0.05358380079269409	0.035284098237752914	0.005901420023292303	-0.01631387136876583	0.0012718598591163754	0.005044561345130205	0.03135645017027855	-0.0017007243586704135	-0.008080707862973213	0.005200237035751343	0.05823281407356262	0.022473320364952087	0.07079041749238968
19052	Female	15	4.699999809265137	2x125bp	0.05640929937362671	0.04939800128340721	0.029355600476264954	-0.016420049592852592	9.140535839833319e-4	0.001037584152072668	0.09471356123685837	-0.0016963656526058912	-0.01914825849235058	0.009750264696776867	-0.13657402992248535	-0.07178273797035217	0.07973391562700272
11396	Female	12	8.399999618530273	2x76bp	0.04461739957332611	0.011827999725937843	0.03071649931371212	-0.016043949872255325	0.0013821382308378816	-7.611899054609239e-4	-0.053236670792102814	-0.0017732777632772923	-0.012619090266525745	-0.016954127699136734	-0.002383130369707942	-0.08464574068784714	-0.1170525774359703
11654	Female	13	8	2x76bp	0.05503319948911667	0.030821099877357483	0.024022100493311882	-0.0158656295388937	0.0017291618278250098	-0.0032316362485289574	-0.006802561692893505	-0.001742747612297535	-0.0015300508821383119	0.0034591129515320063	-0.013490992598235607	-0.08128912001848221	-0.10185377299785614
11907	Female	16	9.300000190734863	2x76bp	0.05540110170841217	0.0419498011469841	0.02057640068233013	-0.016298431903123856	0.0015902386512607336	-0.002482866868376732	0.040681395679712296	-0.001573785673826933	-0.010169604793190956	-0.02169370837509632	0.0070266746915876865	0.10372474789619446	-0.05142088234424591
12116	Female	14	8.300000190734863	2x76bp	0.02635980024933815	-0.19770300388336182	0.049079298973083496	-0.01636059209704399	0.0016500544734299183	-8.07588585303165e-5	-0.0508606843650341	-0.001570648280903697	-0.006518974434584379	8.472263580188155e-4	-0.009447150863707066	0.01186109147965908	-0.012537570670247078
12153	Female	14	8	2x76bp	-0.18342800438404083	0.048721399158239365	0.11756899952888489	-0.01630997285246849	0.0017695650458335876	0.002079808386042714	-0.04909120127558708	-0.0015824747970327735	-4.3625058606266975e-4	-0.015579796396195889	0.0032228440977633	0.004016689490526915	-0.06161755323410034
12972	Female	14	9.399999618530273	2x76bp	0.05539520084857941	0.03367270156741142	-0.005244260188192129	-0.016434859484434128	0.0017743828939273953	0.0033502669539302588	-0.09913476556539536	-0.0015767865115776658	-0.018959704786539078	-0.0012058345600962639	-0.004348678980022669	-0.002289219293743372	0.010585213080048561
13117	Female	15	7.5	2x76bp	0.0546175017952919	0.04099990054965019	0.003942199982702732	-0.01630157046020031	0.0015563039341941476	-8.098879479803145e-4	-0.014915929175913334	-0.001608830294571817	0.004035521298646927	0.012514679692685604	0.07341871410608292	0.04062122106552124	-0.008257291279733181
11875	Male	19	5.699999809265137	2x76bp	0.04343570023775101	0.03400859981775284	-0.06135400012135506	-0.01600758731365204	0.0015341296093538404	-0.005689275451004505	-0.04507879912853241	-0.0017124508740380406	-0.013133259490132332	0.018279632553458214	0.07578645646572113	-0.03174424543976784	0.04739043116569519
12107	Male	19	8.199999809265137	2x76bp	0.05450940132141113	0.03268140181899071	0.0133646996691823	-0.01604009047150612	0.0015153855783864856	-0.002805546624585986	-0.01914101652801037	-0.0017125614685937762	-0.019695350900292397	-0.03482678160071373	0.11428216099739075	0.04961065575480461	-0.016458554193377495
12546	Male	19	6.099999904632568	2x76bp	0.05390860140323639	0.019370699301362038	-0.0022802799940109253	-0.01587408035993576	0.0016048011602833867	-0.005150840152055025	-0.01307423785328865	-0.0017763489158824086	-0.024334043264389038	0.013584810309112072	0.07417155802249908	-0.07884294539690018	-0.011649580672383308
12993	Male	19	8.5	2x76bp	0.055990200489759445	0.03559330105781555	0.013001400046050549	-0.016102885827422142	0.0015130708925426006	-0.002797202905640006	-0.028286686167120934	-0.0017000447260215878	-0.02253633923828602	-0.003982030786573887	0.06349219381809235	0.015064097009599209	0.016015205532312393
13142	Male	19	7.800000190734863	2x76bp	-0.1940300017595291	0.03865030035376549	0.03960670158267021	-0.01610463485121727	0.0013321650912985206	-0.0033783339895308018	-0.009433217346668243	-0.001724940026178956	-0.019258487969636917	-0.0166361965239048	0.13296206295490265	0.0514909066259861	-0.020302610471844673
15329	Male	12	7.599999904632568	2x76bp	-0.08880569785833359	-0.03396429866552353	-0.03626079857349396	-0.016469698399305344	0.0010043955408036709	-0.0017464525299146771	-0.04536042362451553	-0.0016213160706683993	0.010520843788981438	0.0050312066450715065	-0.11039024591445923	-0.05811427906155586	0.0017282534390687943
15468	Male	12	8.800000190734863	2x125bp	0.053727999329566956	0.03429780155420303	0.02505349926650524	-0.01646304503083229	9.696048800833523e-4	0.0012048855423927307	-0.007077467627823353	-0.0016683459980413318	0.009014040231704712	-5.780793726444244e-4	-0.059695784002542496	0.028979727998375893	0.052316393703222275
15655	Male	13	7.199999809265137	2x125bp	0.05575770139694214	0.025137100368738174	0.008732570335268974	-0.016446858644485474	9.07113600987941e-4	-0.0013765695039182901	0.06389587372541428	-0.0016420144820585847	-0.0026221349835395813	-0.00886906124651432	-0.10927045345306396	0.006743432488292456	0.048875223845243454
16117	Male	12	8.300000190734863	2x76bp	-0.20437300205230713	0.04079660028219223	0.06416989862918854	-0.016524888575077057	0.0010088514536619186	5.425322451628745e-4	-0.06939360499382019	-0.0016300578135997057	-0.0018168463138863444	-0.01730647124350071	-0.019643409177660942	0.033628713339567184	-0.014882106333971024
16428	Male	14	5.5	2x100bp	-0.16603900492191315	-0.0228349007666111	0.09162180125713348	-0.01573929935693741	0.001500468235462904	-0.001835040980949998	-0.08334092795848846	-0.0018990837270393968	0.03303945064544678	0.06886616349220276	-0.030046464875340462	0.08627433329820633	-0.146846741437912
16483	Male	13	8.600000381469727	2x125bp	0.05723090097308159	0.0278926994651556	0.021825099363923073	-0.016504228115081787	9.707734570838511e-4	-4.083189560333267e-5	-0.05582991987466812	-0.0016424483619630337	0.00774399284273386	0.009570163674652576	0.029576344415545464	0.02957727387547493	-0.04581986367702484
16488	Male	14	8.100000381469727	2x125bp	0.05479490011930466	0.0468796007335186	0.006338099949061871	-0.016274798661470413	0.0015276746125891805	0.006097202654927969	-0.01729571260511875	-0.001681782305240631	-0.004343423061072826	-0.030377423390746117	-0.02904237061738968	-0.06449773907661438	-0.0074455998837947845
16640	Male	14	4	2x125bp	-0.037518300116062164	0.020556600764393806	-0.10709399729967117	-0.01642347313463688	0.001031518098898232	7.299797143787146e-4	0.05385689064860344	-0.0016570144798606634	-0.004094867967069149	-8.876945357769728e-4	-0.0031349516939371824	0.05094873160123825	-0.002769595943391323
16649	Male	13	6.099999904632568	2x125bp	0.05631659924983978	0.039947401732206345	0.025225700810551643	-0.01640254259109497	9.370891493745148e-4	0.0013556061312556267	0.02985735796391964	-0.0017013769829645753	7.155202329158783e-4	-0.004015292972326279	0.04223627224564552	0.009280655533075333	0.014366581104695797
16810	Male	17	6.300000190734863	2x100bp	0.05517689883708954	0.03760119900107384	0.014272999949753284	-0.015720099210739136	0.0015420200070366263	-0.0042952741496264935	-0.04359519109129906	-0.001898381276987493	-0.005679009947925806	0.007364347577095032	-0.09813933074474335	0.13974715769290924	0.04160509258508682
16826	Male	16	2	2x100bp	0.05459259822964668	0.04344649985432625	0.02406499907374382	-0.01588231697678566	0.0016604817938059568	-0.00126610544975847	-0.06676746159791946	-0.0018007276812568307	0.005111088976264	0.018412597477436066	-0.061828579753637314	-0.013703570701181889	0.14008598029613495
16859	Male	12	6	2x76bp	-0.22523100674152374	0.04092000052332878	0.012606799602508545	-0.016482748091220856	0.0010630489559844136	-5.558485863730311e-4	-0.025359949097037315	-0.0016168594593182206	0.011206312105059624	-0.013307779096066952	-0.03982611373066902	0.012745729647576809	-0.0731123685836792
16929	Male	14	9	2x100bp	-0.20909200608730316	0.019447600468993187	0.05067230015993118	-0.01592269353568554	0.001301577198319137	-0.0023989048786461353	-0.10989424586296082	-0.0018556932918727398	0.0075820391066372395	-0.0019466802477836609	-0.12629055976867676	0.03323128819465637	-0.0265972837805748
17013	Male	13	6	2x125bp	0.05474250018596649	0.03880869969725609	0.021449999883770943	-0.016177957877516747	0.0015970229869708419	2.427182625979185e-4	0.050207607448101044	-0.0016555942129343748	0.02784632332623005	0.008291536010801792	0.03996177762746811	0.05506995692849159	0.08567973971366882
17049	Male	12	8	2x125bp	0.05411649867892265	0.03040979988873005	0.028212400153279305	-0.0161877628415823	0.0016267074970528483	-6.280438392423093e-4	0.05516108497977257	-0.001620132359676063	0.013418585993349552	0.01568813994526863	-0.07461345940828323	0.03646474704146385	0.06992312520742416
17053	Male	14	2.0999999046325684	2x100bp	0.055636100471019745	0.040963899344205856	0.001779860001988709	-0.015807250514626503	0.0015305201523005962	-7.069652201607823e-4	-0.06887108087539673	-0.0018560417229309678	0.025949900969862938	0.015180286020040512	0.009627032093703747	-0.07961541414260864	0.0919041633605957
17054	Male	15	9.100000381469727	2x125bp	0.054816801100969315	0.04456980153918266	0.005880139768123627	-0.016099710017442703	0.0015604249201714993	0.0019395904382690787	0.0334746353328228	-0.0017244515474885702	0.0033490401692688465	0.04858396202325821	-0.00914015993475914	0.007347382605075836	-0.012394345365464687
17071	Male	14	3.9000000953674316	2x100bp	0.0569491982460022	0.049136798828840256	0.028387099504470825	-0.015904735773801804	0.001582344644702971	5.468150484375656e-4	-0.07657956331968307	-0.0018307061400264502	0.020957110449671745	-0.009737078100442886	-0.054930802434682846	0.03863274306058884	0.06217935308814049
17072	Male	15	7	2x125bp	0.055146899074316025	0.039344899356365204	0.010631400160491467	-0.015772473067045212	0.0015560545725747943	-0.001122490270063281	0.06606366485357285	-0.001850344706326723	-4.897087928839028e-4	-0.01677144691348076	-0.01859833113849163	-0.03978518396615982	-0.050050292164087296
17087	Male	13	7.800000190734863	2x125bp	0.02506989985704422	-0.21538999676704407	-2.8357599512673914e-4	-0.01589486002922058	0.0011630116496235132	-0.0022969325073063374	0.039930783212184906	-0.0018586941296234727	-0.008922557346522808	-0.01768270879983902	0.00642496207728982	0.0037838611751794815	-0.03299605846405029
17115	Male	15	7.5	2x125bp	0.05594630166888237	0.038451798260211945	0.02386620081961155	-0.016030186787247658	8.26955190859735e-4	-0.0027650357224047184	0.07419613003730774	-0.0018315252382308245	-0.023132801055908203	-0.05151534453034401	0.042635343968868256	0.08452842384576797	-0.01519220881164074
17162	Male	17	9	2x76bp	-0.1837480068206787	0.039044298231601715	0.0568230003118515	-0.015811488032341003	0.0015863843727856874	-0.0032225658651441336	9.382762364111841e-4	-0.0018410342745482922	-0.022662973031401634	-0.029139436781406403	0.03141428902745247	0.05518396571278572	-0.04307936877012253
17167	Male	13	4.300000190734863	2x125bp	0.0299018993973732	-0.2047249972820282	0.017357999458909035	-0.016000520437955856	9.236017358489335e-4	-4.42197808297351e-4	-0.031141433864831924	-0.0018795689102262259	0.005823355168104172	-0.00921389926224947	0.12813244760036469	0.0671897605061531	0.06776401400566101
17175	Male	15	3.4000000953674316	2x125bp	0.013202699832618237	-0.34016698598861694	0.031222999095916748	-0.015835991129279137	0.0015649172710254788	0.0017960811965167522	0.02724020928144455	-0.0018423693254590034	-0.014925237745046616	0.0025572467129677534	0.019185470417141914	-0.0933467373251915	0.04438675940036774
17193	Male	13	9	2x76bp	0.008794819936156273	-0.35460400581359863	-0.0015820000553503633	-0.01625274494290352	0.0016110535943880677	-0.0020119925029575825	0.026899008080363274	-0.0015981290489435196	0.005129080265760422	-0.0038108418229967356	0.07024095952510834	0.0821523368358612	-0.03183267265558243
17264	Male	17	8.399999618530273	2x76bp	0.05444910004734993	0.03708299994468689	0.014926400035619736	-0.016326919198036194	0.0015580495819449425	0.00392926624044776	-0.018548840656876564	-0.001634006155654788	-0.009914333000779152	-0.030183980241417885	0.10264479368925095	0.026351967826485634	-0.04372384399175644
17333	Male	17	5.599999904632568	2x125bp	0.05462909862399101	0.033578500151634216	-0.011646799743175507	-0.016165662556886673	0.001671236357651651	-0.0011188221396878362	0.05347049608826637	-0.0016278442926704884	0.007303111255168915	0.01215872447937727	-0.02929280884563923	0.010951205156743526	0.12494951486587524
17369	Male	15	7	2x125bp	0.05385430157184601	0.03737200051546097	0.014721499755978584	-0.01581749878823757	0.0015903004677966237	4.71557053970173e-4	0.043959688395261765	-0.001851374632678926	-0.013109599240124226	-0.021168861538171768	-0.02293768897652626	-0.024113329127430916	-0.015421713702380657
17372	Male	13	9	2x76bp	-0.09905499964952469	-0.032221801578998566	-0.6005849838256836	-0.016549034044146538	8.664944325573742e-4	-1.8485051987227052e-4	-0.03743363171815872	-0.001643626717850566	-0.0046030329540371895	-0.014817077666521072	0.04438012093305588	0.05277957394719124	-0.01818445324897766
17475	Male	13	5.5	2x125bp	0.0409511998295784	-0.09162019938230515	0.008898939937353134	-0.016274072229862213	8.781247306615114e-4	-0.0016476077726110816	0.05109667405486107	-0.00176893244497478	-8.420847007073462e-4	0.05910413712263107	-0.03689039498567581	-0.04427187889814377	0.012376572005450726
17521	Male	12	9	2x76bp	0.019655000418424606	-0.2783850133419037	0.006338850129395723	-0.016518011689186096	8.941807900555432e-4	-0.0013878728495910764	-0.02120509371161461	-0.0016415941063314676	-0.002525909570977092	-0.004637709818780422	0.006860544439405203	0.004180755000561476	-0.03097676858305931
17629	Male	15	7.300000190734863	2x125bp	0.04977799952030182	0.007456630002707243	-0.02167229913175106	-0.01625874452292919	0.00161434942856431	0.0013835816644132137	0.06372895836830139	-0.001638768007978797	0.00473165325820446	0.0021973690018057823	-0.03909698501229286	0.05916981026530266	0.06523989886045456
17671	Male	16	5.699999809265137	2x125bp	0.014464099891483784	-0.07190749794244766	0.04523039981722832	-0.01617594249546528	0.0015698630595579743	0.002335752360522747	0.04593051224946976	-0.0016718945698812604	-2.6861828519031405e-4	0.004815635737031698	0.009136820212006569	0.028174106031656265	0.07844151556491852
17701	Male	13	7.599999904632568	2x125bp	0.05547890067100525	0.04014889895915985	0.02668369933962822	-0.01598125696182251	9.081207099370658e-4	-0.001890216488391161	0.034931447356939316	-0.0018954741535708308	-0.02984118089079857	-0.021978896111249924	-0.1093224510550499	0.029907356947660446	-0.0763799175620079
17754	Male	13	10	2x76bp	-0.17220500111579895	0.03510250151157379	0.07413090020418167	-0.01599372923374176	0.0016594353364780545	-0.0017239872831851244	0.08933291584253311	-0.0016703729052096605	0.013270510360598564	-0.05955657362937927	0.16316942870616913	-0.013695448637008667	-0.19508838653564453
17922	Male	15	4.300000190734863	2x125bp	0.05736999958753586	0.045603200793266296	0.029137099161744118	-0.016191910952329636	0.0017224126495420933	0.003760078689083457	0.08596926927566528	-0.0016701072454452515	-0.0010844484204426408	-0.0037826169282197952	-0.06583797931671143	-0.04692362621426582	0.052824702113866806
17932	Male	12	4.199999809265137	2x76bp	0.05451900139451027	0.03919190168380737	-0.004022359848022461	-0.016464177519083023	8.547024917788804e-4	-0.003378330497071147	-0.024003954604268074	-0.0016304092714563012	0.007637286093086004	-0.004772624000906944	0.022987399250268936	0.05975458025932312	0.01856425777077675
18055	Male	13	6.5	2x125bp	0.05679680034518242	0.029249999672174454	0.021359900012612343	-0.01624293439090252	9.322159457951784e-4	-0.002628086134791374	0.07001566886901855	-0.0017103261779993773	-0.011521517299115658	-0.022372033447027206	-0.07276540249586105	-0.033109355717897415	0.018143905326724052
18134	Male	16	7.199999809265137	2x125bp	0.046894099563360214	0.020123599097132683	0.010105899535119534	-0.016047215089201927	0.0016557843191549182	-0.00141431565862149	0.12254752218723297	-0.0016584682743996382	0.0023702899925410748	0.013145027682185173	0.0045358771458268166	0.008587530814111233	0.04122873395681381
18153	Male	16	7.099999904632568	2x125bp	0.021500399336218834	0.020291199907660484	-0.09087490290403366	-0.01608385145664215	0.0016532628796994686	2.2131939476821572e-4	9.473260724917054e-4	-0.001674589584581554	0.01630406640470028	0.028019942343235016	-0.01845432259142399	-0.10310877859592438	0.05766318365931511
18208	Male	16	6.099999904632568	2x125bp	0.056390099227428436	0.04326440021395683	0.012121099978685379	-0.01610802672803402	0.001583822537213564	6.005362956784666e-4	0.10086612403392792	-0.001672122860327363	-0.0010741772130131721	0.0076974183320999146	-0.010231656953692436	0.010952375829219818	0.05981333553791046
18249	Male	13	6.099999904632568	2x125bp	0.054609399288892746	0.041678398847579956	0.00871295016258955	-0.016434164717793465	8.602500311098993e-4	-3.787233727052808e-4	0.021941130980849266	-0.0016787848435342312	0.00514264265075326	2.475577057339251e-4	0.0046397666446864605	0.020072702318429947	0.07060637325048447
18382	Male	15	9	2x76bp	-0.16613799333572388	-0.14439600706100464	0.0897027999162674	-0.016366802155971527	0.0010438101598992944	6.520533934235573e-4	-0.03461163863539696	-0.0017097514355555177	-0.007864889688789845	-0.020664755254983902	0.05953612178564072	-0.04743839427828789	-0.049248989671468735
18528	Male	12	7.199999809265137	2x76bp	0.05521100014448166	0.04100560024380684	0.011485500261187553	-0.016326289623975754	0.001396193983964622	-0.001665222574956715	-0.0031907078810036182	-0.0016117888735607266	0.024006837978959084	-0.0047015231102705	-0.10014524310827255	-0.06897912919521332	-0.04315871745347977
18529	Male	14	8.100000381469727	2x76bp	-0.09057659655809402	-0.016209300607442856	-0.612034022808075	-0.016233645379543304	0.00105620501562953	-5.158165586180985e-4	-0.006519404239952564	-0.0017604950116947293	0.00442083366215229	0.06363237649202347	0.168135404586792	0.04797624051570892	-0.19275495409965515
18540	Male	12	6	2x76bp	0.054587800055742264	0.04273119941353798	-0.0015356000512838364	-0.016315629705786705	0.0013580464292317629	-0.003210452850908041	0.016234850510954857	-0.0016342788003385067	0.022893328219652176	-0.0111074885353446	-0.017234519124031067	-0.04749211296439171	-0.07245934754610062
18596	Male	13	7.900000095367432	2x125bp	0.05571519955992699	0.04359089955687523	0.007503780070692301	-0.016071734949946404	0.0015103570185601711	6.419777491828427e-5	0.09793839603662491	-0.0016950789140537381	0.012815306894481182	-0.013825937174260616	0.06084444746375084	0.01003657840192318	-0.03389838710427284
18653	Male	13	6	2x76bp	0.04886860027909279	0.011623900383710861	-0.053434498608112335	-0.016453998163342476	9.741378598846495e-4	-0.0025750095956027508	-0.036582108587026596	-0.0016363163013011217	0.006666973233222961	-0.007749912329018116	0.028560753911733627	-0.02519478090107441	-0.03198450058698654
18666	Male	15	2.700000047683716	2x125bp	0.055895499885082245	0.04457959905266762	-0.003503320040181279	-0.016304273158311844	9.659882052801549e-4	-2.2597797214984894e-4	0.06834942102432251	-0.0017192356754094362	0.004172248300164938	0.013327202759683132	-0.025927359238266945	-0.08686916530132294	0.07044835388660431
18856	Male	14	5.5	2x76bp	-0.05730130150914192	-0.017289599403738976	0.03896079957485199	-0.01637306809425354	0.0013557691127061844	-0.0018064189935103059	-4.440659540705383e-4	-0.0016182352555915713	0.018792111426591873	-0.008295025676488876	0.01215361524373293	-0.007275566458702087	-0.06644707918167114
1117	Male	15	8	2x76bp	0.05475360155105591	0.04405970126390457	0.01776229962706566	-0.016316985711455345	0.0016153129981830716	-0.003005601465702057	0.04047829285264015	-0.0015765329590067267	-0.006280332338064909	0.00470511382445693	-0.02227098122239113	0.09210307151079178	-0.012833526358008385
11511	Male	14	8	2x76bp	0.05482510104775429	0.04080180078744888	0.013768400065600872	-0.016496941447257996	0.001568302046507597	0.004579704720526934	-0.12363875657320023	-0.0015963311307132244	-0.017281418666243553	-0.0049855224788188934	-0.06314727663993835	-0.06627516448497772	-0.002197045600041747
11834	Male	12	8.5	2x76bp	0.052292101085186005	0.03307399898767471	0.015358500182628632	-0.016283594071865082	0.0017325730295851827	6.69816872687079e-5	0.03156116232275963	-0.0015827544266358018	0.01057650987058878	-0.010070801712572575	0.040856778621673584	0.04571675881743431	-0.15042728185653687
11844	Male	13	9	2x76bp	-0.2093369960784912	0.05686559900641441	0.06732609868049622	-0.01655595190823078	0.0015238134656101465	0.006144172511994839	-0.09188778698444366	-0.0016021542251110077	-0.015410131774842739	-0.011966414749622345	0.0017319198232144117	-0.045042697340250015	-0.0866524800658226
11885	Male	12	9	2x76bp	0.054173801094293594	0.043566301465034485	0.023641100153326988	-0.016264427453279495	0.0017337935278192163	-4.809690290130675e-4	0.034573521465063095	-0.0015784860588610172	0.004919243045151234	-0.008136559277772903	-0.006914788857102394	0.07635339349508286	-0.14065618813037872
11892	Male	13	8.5	2x76bp	-0.07560490071773529	-0.03653249889612198	-0.05325540155172348	-0.016469810158014297	0.0014550565974786878	0.004831479862332344	-0.08422214537858963	-0.0016129773575812578	-0.008592074736952782	-0.007015318609774113	0.014867586083710194	-0.06018436327576637	-0.07896764576435089
11900	Male	14	8.5	2x76bp	0.05476199835538864	0.04119189828634262	0.027456600219011307	-0.016352182254195213	0.0015604026848450303	-0.002858236664906144	-0.014073093421757221	-0.0015723742544651031	8.58448853250593e-4	6.187065737321973e-4	0.0050701964646577835	0.04335523769259453	-0.001747184433043003
11921	Male	17	8	2x76bp	0.05563950166106224	0.029427500441670418	0.008502170443534851	-0.016408199444413185	0.0015425587771460414	0.0015568695962429047	-0.013590328395366669	-0.0015949439257383347	-0.025638118386268616	-0.020950017496943474	0.046108875423669815	0.1059582456946373	-0.017543109133839607
11928	Male	13	8.600000381469727	2x76bp	-0.19445699453353882	0.04040370136499405	5.324829835444689e-4	-0.016253432258963585	0.0017206738702952862	-3.451506781857461e-4	-0.013727156445384026	-0.0015863580629229546	-0.002124422462657094	0.009310384280979633	6.94716873113066e-4	-0.06363437324762344	-0.048322975635528564
11952	Male	17	9.399999618530273	2x76bp	0.056588999927043915	0.03512610122561455	-0.008684360422194004	-0.016379259526729584	0.0016028379322960973	4.199623654130846e-4	-0.02673027478158474	-0.0015741026727482677	-0.02133740298449993	0.007604632992297411	-0.05357200279831886	0.011777913197875023	-0.020523853600025177
11971	Male	17	8.899999618530273	2x76bp	0.04086130112409592	-0.11216899752616882	0.018941299989819527	-0.01646360568702221	0.0012278216890990734	-1.3278034748509526e-4	-0.04507456347346306	-0.0016104383394122124	-0.020838359370827675	-0.02762073092162609	0.03620686009526253	0.0501507930457592	-0.013053080067038536
12134	Male	14	8.5	2x76bp	0.05543550103902817	0.028583599254488945	0.012366900220513344	-0.01632225327193737	0.0017458635848015547	0.0011691806139424443	-0.047788914293050766	-0.0015714289620518684	-0.0035437035840004683	-2.1086503693368286e-4	-0.010567481629550457	0.018482685089111328	-0.02800874039530754
12152	Male	12	8.5	2x76bp	0.05012179911136627	0.004559849854558706	-0.02213590033352375	-0.0159413181245327	0.0017229291843250394	-0.0026717381551861763	-0.018482543528079987	-0.0017211739905178547	-0.016569677740335464	-0.023025229573249817	0.05622982606291771	-0.014014103449881077	-0.07178487628698349
12680	Male	13	2.299999952316284	2x76bp	-0.1050100028514862	-0.1317639946937561	0.009403109550476074	-0.015840187668800354	0.0017043976113200188	-0.004412698559463024	-0.05069931223988533	-0.001785497646778822	0.01935717836022377	0.006737118121236563	0.11475206911563873	-0.20719866454601288	0.03536475449800491
13144	Male	12	7.800000190734863	2x76bp	-0.0441863015294075	-0.018708599731326103	-0.2183530032634735	-0.016502710059285164	9.611753630451858e-4	-0.0034631099551916122	-0.030411653220653534	-0.0016175108030438423	-0.0017687153303995728	-0.011584852822124958	-0.020686455070972443	-0.04506876692175865	-0.021597592160105705
