0.45344828648718	8.92143184370668e-07
0.510381952684882	1.23468844679737e-06
0.567315618882584	1.68492788884889e-06
0.624249285080286	2.2680704614485e-06
0.681182951277987	3.01260935768502e-06
0.738116617475689	3.95009096369333e-06
0.795050283673391	5.12299729554623e-06
0.851983949871093	6.60434051452617e-06
0.908917616068795	8.39966616065025e-06
0.965851282266497	1.0542943492269e-05
1.0227849484642	1.30638976007279e-05
1.0797186146619	1.59859899403693e-05
1.1366522808596	1.93243597156713e-05
1.1935859470573	2.30837987011546e-05
1.25051961325501	2.72650660357819e-05
1.30745327945271	3.18833263643977e-05
1.36438694565041	3.6831181593965e-05
1.42132061184811	4.20454876914398e-05
1.47825427804581	4.74496109311146e-05
1.53518794424352	5.29557917582162e-05
1.59212161044122	5.84682485792602e-05
1.64905527663892	6.38869562830398e-05
1.70598894283662	6.91082074257395e-05
1.76292260903432	7.39787407734373e-05
1.81985627523202	7.84571088963201e-05
1.87678994142973	8.2493394130632e-05
1.93372360762743	8.60626727302231e-05
1.99065727382513	8.9167862534833e-05
2.04759094002283	9.184170331375e-05
2.10452460622053	9.41478760091607e-05
2.16145827241824	9.61808640143565e-05
2.21839193861594	9.80822921997675e-05
2.27532560481364	0.000100071069172143
2.33225927101134	0.000102348098716912
2.38919293720904	0.000105139338821861
2.44612660340674	0.000108695507662307
2.50306026960445	0.000113292372043613
2.55999393580215	0.000119231535959193
2.61692760199985	0.00012684164038181
2.67386126819755	0.00013689274549475
2.73079493439525	0.000149541742649411
2.78772860059296	0.000165210458244382
2.84466226679066	0.000184351331419498
2.90159593298836	0.000207426463138274
2.95852959918606	0.000234894836120681
3.01546326538376	0.000267196510497777
3.07239693158146	0.000304733954500083
3.12933059777917	0.000348734404462123
3.18626426397687	0.000398678964167407
3.24319793017457	0.000454536964939183
3.30013159637227	0.000516219053965314
3.35706526256997	0.000583493250139036
3.41399892876768	0.000655990368327479
3.47093259496538	0.000733218658456308
3.52786626116308	0.000814588113996648
3.58479992736078	0.00089981700720935
3.64173359355848	0.000987730164607825
3.69866725975618	0.00107772947074605
3.75560092595389	0.00116945771879045
3.81253459215159	0.00126276364364089
3.86946825834929	0.00135773331562377
3.92640192454699	0.00145470660481802
3.98333559074469	0.00155427642938612
4.0402692569424	0.00165790809463012
4.0972029231401	0.00176651165163416
4.1541365893378	0.0018810356940575
4.2110702555355	0.00200243381653964
4.2680039217332	0.00213144504795193
4.3249375879309	0.0022684993892313
4.38187125412861	0.00241363804055527
4.43880492032631	0.00256645356597558
4.49573858652401	0.00272664344928055
4.55267225272171	0.00289177285877374
4.60960591891941	0.00305961883979065
4.66653958511712	0.00322807450301413
4.72347325131482	0.00339503805673031
4.78040691751252	0.00355857872525593
4.83734058371022	0.00371709999831078
4.89427424990792	0.00386949188867114
4.95120791610563	0.00401458230214745
5.00814158230333	0.00415345100298739
5.06507524850103	0.00428787844226543
5.12200891469873	0.00441990330469686
5.17894258089643	0.00455200079010772
5.23587624709413	0.00468690453811994
5.29280991329184	0.00482741214413812
5.34974357948954	0.00497618465865586
5.40667724568724	0.00513689472236627
5.46361091188494	0.00531103542466605
5.52054457808264	0.0054987184213312
5.57747824428034	0.00570012200490902
5.63441191047805	0.00591497946569401
5.69134557667575	0.00614275216623781
5.74827924287345	0.0063828351990633
5.80521290907115	0.00663478334096863
5.86214657526885	0.00689979866368435
5.91908024146656	0.00717864305660869
5.97601390766426	0.00747240829054692
6.03294757386196	0.00778372479548579
6.08988124005966	0.00811577185280281
6.14681490625736	0.00847202400371542
6.20374857245507	0.00885593592949145
6.26068223865277	0.00927058058700009
6.31761590485047	0.00972122127667958
6.37454957104817	0.0102081592160827
6.43148323724587	0.010727135850205
6.48841690344358	0.0112746919312979
6.54535056964128	0.0118457507405712
6.60228423583898	0.0124338920057009
6.65921790203668	0.0130317481271949
6.71615156823438	0.013631508107194
6.77308523443208	0.014224428487594
6.83001890062978	0.0148024375942929
6.88695256682749	0.0153624537851165
6.94388623302519	0.0159033101498406
7.00081989922289	0.0164264322728748
7.05775356542059	0.016935771859575
7.11468723161829	0.0174375488872127
7.171620897816	0.0179398101878029
7.2285545640137	0.018453332856836
7.2854882302114	0.0189906165184529
7.3424218964091	0.0195585333020726
7.3993555626068	0.0201628049813077
7.45628922880451	0.020806537847828
7.51322289500221	0.0214899925896955
7.57015656119991	0.0222105958326224
7.62709022739761	0.0229631981469389
7.68402389359531	0.0237414457700088
7.74095755979302	0.0245353068832529
7.79789122599072	0.0253345292327631
7.85482489218842	0.0261333536467467
7.91175855838612	0.0269287789108517
7.96869222458382	0.0277210884766356
8.02562589078152	0.0285140932993676
8.08255955697923	0.0293150677115243
8.13949322317693	0.0301361435336317
8.19642688937463	0.0309954532710088
8.25336055557233	0.0319038136735593
8.31029422177003	0.0328722581517949
8.36722788796773	0.0339085970093619
8.42416155416544	0.0350163911544797
8.48109522036314	0.0361942372593444
8.53802888656084	0.0374354143099641
8.59496255275854	0.0387292147925008
8.65189621895624	0.0400561483651619
8.70882988515395	0.0413891327985414
8.76576355135165	0.04270752720789
8.82269721754935	0.0439928640567316
8.87963088374705	0.0452305615682957
8.93656454994475	0.0464113593594119
8.99349821614246	0.0475323918987274
9.05043188234016	0.0485964567732702
9.10736554853786	0.0496155685533095
9.16429921473556	0.050617318005644
9.22123288093326	0.0516244960580239
9.27816654713097	0.0526599650486767
9.33510021332867	0.0537443197165757
9.39203387952637	0.0548936968591926
9.44896754572407	0.0561178567968625
9.50590121192177	0.0574203007936096
9.56283487811947	0.0587970601392744
9.61976854431718	0.0602162457283342
9.67670221051488	0.0616508100650952
9.73363587671258	0.06307033334352
9.79056954291028	0.0644437467997084
9.84750320910798	0.0657421285539167
9.90443687530568	0.0669414183678619
9.96137054150339	0.0680229349703595
10.0183042077011	0.0689650799424659
10.0752378738988	0.0697959077627734
10.1321715400965	0.0705356180642069
10.1891052062942	0.0712117261835943
10.2460388724919	0.0718564282072974
10.3029725386896	0.0725036149677154
10.3599062048873	0.0731857026041444
10.416839871085	0.0739310507490228
10.4737735372827	0.074773256227044
10.5307072034804	0.0757041596644685
10.5876408696781	0.0767141872185892
10.6445745358758	0.0777837157507353
10.7015082020735	0.0788851598903015
10.7584418682712	0.0799856845688063
10.8153755344689	0.081050381676799
10.8723092006666	0.0820457469517735
10.9292428668643	0.0829239940953258
10.986176533062	0.0836840889672206
11.0431101992597	0.0843262565849152
11.1000438654574	0.0848623797363253
11.1569775316551	0.085314918410993
11.2139111978528	0.0857147923068275
11.2708448640505	0.0860985433966935
11.3277785302482	0.0865049172956672
11.3847121964459	0.0869858758160571
11.4416458626436	0.0875640128866794
11.4985795288413	0.0882513275099751
11.555513195039	0.0890479193848376
11.6124468612367	0.0899415229903474
11.6693805274344	0.0909087621337263
11.7263141936321	0.0919173336982317
11.7832478598298	0.0929290223369304
11.8401815260275	0.0938911634276885
11.8971151922252	0.0947673392732319
11.954048858423	0.0955353896734536
12.0109825246207	0.0961844307654625
12.0679161908184	0.0967166049588367
12.1248498570161	0.0971468570642636
12.1817835232138	0.097501632184531
12.2387171894115	0.097816540887966
12.2956508556092	0.0981407750290456
12.3525845218069	0.0985232044052042
12.4095181880046	0.0989959247898671
12.4664518542023	0.099580273678569
12.5233855204	0.100284504485897
12.5803191865977	0.101102828103863
12.6372528527954	0.102015609623019
12.6941865189931	0.102990737332284
12.7511201851908	0.103980621097195
12.8080538513885	0.104925334464276
12.8649875175862	0.105780158209387
12.9219211837839	0.106509202904599
12.9788548499816	0.107088211501787
13.0357885161793	0.107506818794612
13.092722182377	0.107769678921715
13.1496558485747	0.107896374902694
13.2065895147724	0.107914955515349
13.2635231809701	0.107888736235783
13.3204568471678	0.10787046643057
13.3773905133655	0.107904131151379
13.4343241795632	0.108025168778016
13.4912578457609	0.108256994575307
13.5481915119586	0.10860850881807
13.6051251781563	0.109072743303393
13.662058844354	0.109630746868801
13.7189925105517	0.110226745687328
13.7759261767494	0.110805539329564
13.8328598429471	0.111315851285493
13.8897935091448	0.111710513067579
13.9467271753425	0.111950865145583
14.0036608415402	0.11201044467253
14.0605945077379	0.111877749537574
14.1175281739356	0.111542571130516
14.1744618401333	0.111045532699593
14.231395506331	0.110441384054413
14.2883291725287	0.109779215465865
14.3452628387264	0.109109469113622
14.4021965049241	0.108479146236165
14.4591301711218	0.10792736545618
14.5160638373195	0.107481518354246
14.5729975035172	0.107164013497991
14.6299311697149	0.106960582389152
14.6868648359126	0.106833341755905
14.7437985021103	0.106742623269489
14.800732168308	0.106642584131947
14.8576658345057	0.106485783559995
14.9145995007034	0.106227796810215
14.9715331669011	0.105831611504884
15.0284668330989	0.105257392644567
15.0854004992966	0.104497817271438
15.1423341654943	0.10358167623416
15.199267831692	0.102537344825796
15.2562014978897	0.101403147961388
15.3131351640874	0.10022349811252
15.3700688302851	0.0990446427541517
15.4270024964828	0.0979102598918561
15.4839361626805	0.0968651371563316
15.5408698288782	0.0959383363339983
15.5978034950759	0.0951240703331707
15.6547371612736	0.0944101576048441
15.7116708274713	0.0937723323396514
15.768604493669	0.0931770438917536
15.8255381598667	0.0925849188404779
15.8824718260644	0.0919546849198609
15.9394054922621	0.0912399885548937
15.9963391584598	0.0904001082707675
16.0532728246575	0.0894299752378897
16.1102064908552	0.0883297522412512
16.1671401570529	0.0871122233917316
16.2240738232506	0.0858012268449521
16.2810074894483	0.0844292644716125
16.337941155646	0.0830344378114215
16.3948748218437	0.0816603539686805
16.4518084880414	0.0803556814346249
16.5087421542391	0.0791436383766515
16.5656758204368	0.0780388600148345
16.6226094866345	0.0770446851628871
16.6795431528322	0.0761535531830188
16.7364768190299	0.0753482623448421
16.7934104852276	0.0746039952446495
16.8503441514253	0.0738906950477809
16.907277817623	0.073169900653167
16.9642114838207	0.0724130581041209
17.0211451500184	0.071602709811203
17.0780788162161	0.0707302802511098
17.1350124824138	0.0697965098625527
17.1919461486115	0.0688110730253558
17.2488798148092	0.0677914245216484
17.3058134810069	0.0667617475805375
17.3627471472046	0.0657566681575811
17.4196808134023	0.0648014785737375
17.4766144796	0.0639145611286144
17.5335481457977	0.0631068338250158
17.5904818119954	0.0623806935761632
17.6474154781931	0.061729696184782
17.7043491443908	0.0611389725810659
17.7612828105885	0.0605864858609292
17.8182164767862	0.060038310633263
17.8751501429839	0.059460022772143
17.9320838091816	0.0588254912638415
17.9890174753793	0.0581140467759311
18.045951141577	0.0573121615176378
18.1028848077747	0.0564145184017441
18.1598184739725	0.0554244311722201
18.2167521401702	0.0543524717680366
18.2736858063679	0.0532162604053792
18.3306194725656	0.0520536426162225
18.3875531387633	0.0508910874564464
18.444486804961	0.0497530072465028
18.5014204711587	0.0486597439372339
18.5583541373564	0.0476259792198077
18.6152878035541	0.0466596353747026
18.6722214697518	0.0457619608338304
18.7291551359495	0.0449316389378094
18.7860888021472	0.04414228316251
18.8430224683449	0.0433754155803477
18.8999561345426	0.0426120227553519
18.9568898007403	0.0418344705734788
19.013823466938	0.0410281928310453
19.0707571331357	0.040183073208529
19.1276907993334	0.0392943688997413
19.1846244655311	0.0383587017390769
19.2415581317288	0.0373936733375206
19.2984917979265	0.0364133692371264
19.3554254641242	0.0354338978431776
19.4123591303219	0.0344717928677177
19.4692927965196	0.0335424816324976
19.5262264627173	0.032658899401937
19.583160128915	0.0318303288787363
19.6400937951127	0.0310705309393195
19.6970274613104	0.030367986004972
19.7539611275081	0.0297150602749181
19.8108947937058	0.0291017301101103
19.8678284599035	0.0285163509854321
19.9247621261012	0.0279468967998944
19.9816957922989	0.0273821713147186
20.0386294584966	0.0268129210650857
20.0955631246943	0.0262308959810379
20.152496790892	0.0256360782302834
20.2094304570897	0.0250317329775026
20.2663641232874	0.024423649047974
20.3232977894851	0.0238194786528359
20.3802314556828	0.023227788975137
20.4371651218805	0.0226570654062175
20.4940987880782	0.0221147254922605
20.5510324542759	0.0216111987625841
20.6079661204736	0.0211441947437688
20.6648997866713	0.0207102689216438
20.721833452869	0.0203040921636742
20.7787671190667	0.0199181633043934
20.8357007852644	0.0195435270705449
20.8926344514621	0.0191705939726351
20.9495681176598	0.0187900154925801
21.0065017838575	0.0183905735487962
21.0634354500552	0.017967553747109
21.1203691162529	0.0175198876818504
21.1773027824506	0.0170487133985724
21.2342364486483	0.0165576801833389
21.2911701148461	0.0160525129017975
21.3481037810438	0.015540438614675
21.4050374472415	0.0150295085695847
21.4619711134392	0.0145300906413756
21.5189047796369	0.0140497862880602
21.5758384458346	0.013592700108391
21.6327721120323	0.0131612953995788
21.68970577823	0.0127559332442183
21.7466394444277	0.0123750158180681
21.8035731106254	0.0120152720913174
21.8605067768231	0.0116721665388066
21.9174404430208	0.0113409133656515
21.9743741092185	0.0110143612355401
22.0313077754162	0.0106877855821071
22.0882414416139	0.0103582852796767
22.1451751078116	0.0100244022689115
22.2021087740093	0.00968616665431597
22.259042440207	0.00934502121505523
22.3159761064047	0.00900363364047302
22.3729097726024	0.00866652145438648
22.4298434388001	0.00833872707936562
22.4867771049978	0.0080238962613838
22.5437107711955	0.00772526366141843
22.6006444373932	0.00744519466895789
22.6575781035909	0.00718505388338403
22.7145117697886	0.00694516279323061
22.7714454359863	0.00672484527262197
22.828379102184	0.00652399099154346
22.8853127683817	0.00633924803559738
22.9422464345794	0.00616687585552308
22.9991801007771	0.00600457939924152
23.0561137669748	0.00585045638567473
23.1130474331725	0.00570312824108228
23.1699810993702	0.00556180784192256
23.2269147655679	0.00542630206473086
23.2838484317656	0.00529756245580535
23.3407820979633	0.00517651948127856
23.397715764161	0.00506349866283736
23.4546494303587	0.00495906744512139
23.5115830965564	0.00486337892498157
23.5685167627541	0.00477605305786549
23.6254504289518	0.00469610788653328
23.6823840951495	0.00462194478169732
23.7393177613472	0.00455140183274947
23.7962514275449	0.00448100502462051
23.8531850937426	0.004407571571767
23.9101187599403	0.00432838438314159
23.967052426138	0.00424109421427298
24.0239860923357	0.00414388705006287
24.0809197585334	0.00403561431269078
24.1378534247311	0.00391587988129213
24.1947870909288	0.0037844421343861
24.2517207571265	0.00364278211167977
24.3086544233242	0.00349412442206602
24.3655880895219	0.00334096195111711
24.4225217557197	0.00318593261750637
24.4794554219174	0.00303164142930491
24.5363890881151	0.00288049762773808
24.5933227543128	0.00273457381368736
24.6502564205105	0.0025959693105278
24.7071900867082	0.00246623530384571
24.7641237529059	0.00234484366329272
24.8210574191036	0.00223156573529985
24.8779910853013	0.00212583704721418
24.934924751499	0.00202686274384605
24.9918584176967	0.00193372551502245
25.0487920838944	0.00184549032047336
25.1057257500921	0.00176146356114009
25.1626594162898	0.00168106356760529
25.2195930824875	0.00160350698359943
25.2765267486852	0.0015286865473561
25.3334604148829	0.0014566754467953
25.3903940810806	0.00138768083343912
25.4473277472783	0.00132199028638008
25.504261413476	0.00125991498685315
25.5611950796737	0.00120190227126946
25.6181287458714	0.00114848282542904
25.6750624120691	0.00109914279551365
25.7319960782668	0.00105371263228341
25.7889297444645	0.00101190171564561
25.8458634106622	0.000973325387103457
25.9027970768599	0.00093753837770165
25.9597307430576	0.000904072220190075
26.0166644092553	0.000872519622015382
26.073598075453	0.000842561545627076
26.1305317416507	0.000813712612636172
26.1874654078484	0.000785840597982138
26.2443990740461	0.000758911567718437
26.3013327402438	0.000732973626275124
26.3582664064415	0.000708134834162858
26.4152000726392	0.000684536936090643
26.4721337388369	0.000662362010232874
26.5290674050346	0.000641919403224875
26.5860010712323	0.000623031227821059
26.64293473743	0.000605639750352604
26.6998684036277	0.000589612891809061
26.7568020698254	0.000574753667015351
26.8137357360231	0.00056081509891258
26.8706694022208	0.000547519476323537
26.9276030684185	0.000534581425100089
26.9845367346162	0.000521694745665206
27.0414704008139	0.000508621321129066
27.0984040670116	0.000495246624930791
27.1553377332093	0.000481528895270476
27.212271399407	0.000467495404694886
27.2692050656047	0.000453233438671885
27.3261387318024	0.000438876707622158
27.3830723980001	0.000424589381915901
27.4400060641978	0.000410611961103368
27.4969397303956	0.000397063704079952
27.5538733965933	0.000384025183606099
27.610807062791	0.000371519191418702
27.6677407289887	0.000359507907782935
27.7246743951864	0.000347894983581184
27.7816080613841	0.000336532211768109
27.8385417275818	0.000325230447118402
27.8954753937795	0.00031370180799348
27.9524090599772	0.000301722850970972
28.0093427261749	0.000289114339758542
28.0662763923726	0.000275740733914199
28.1232100585703	0.000261520748144703
28.180143724768	0.000246433523762807
28.2370773909657	0.00023052105457507
28.2940110571634	0.000213886821260657
28.3509447233611	0.0001966508926089
28.4078783895588	0.000179151158877717
28.4648120557565	0.000161641507412751
28.5217457219542	0.000144374202322817
28.5786793881519	0.00012759400330166
28.6356130543496	0.000111527157041152
28.6925467205473	9.63720945020659e-05
28.749480386745	8.22920974568606e-05
28.8064140529427	6.9594413122402e-05
28.8633477191404	5.82070825493496e-05
28.9202813853381	4.81152381813999e-05
28.9772150515358	3.92957869700532e-05
29.0341487177335	3.16966652306036e-05
29.0910823839312	2.52425109359139e-05
29.1480160501289	1.98404892579806e-05
29.2049497163266	1.53860529699791e-05
29.2618833825243	1.18609969644061e-05
29.318817048722	9.04449842609816e-06
29.3757507149197	6.80828988678057e-06
29.4326843811174	5.05723476761714e-06
29.4896180473151	3.70551309284114e-06
29.5465517135128	2.67726993804473e-06
