-0.280902995629486	0.0308231798879497
-0.268061888014498	0.0455948832568275
-0.25522078039951	0.0664285571233166
-0.242379672784522	0.0959239283603707
-0.229538565169533	0.135645858570429
-0.216697457554545	0.187915375720469
-0.203856349939557	0.255134882187153
-0.191015242324569	0.339631210252829
-0.178174134709581	0.44345766424774
-0.165333027094592	0.568162526545971
-0.152491919479604	0.714535946877557
-0.139650811864616	0.882351524512984
-0.126809704249628	1.07113979899803
-0.11396859663464	1.27682376078847
-0.101127489019651	1.49283503159518
-0.0882863814046632	1.71246819041044
-0.075445273789675	1.92788257843575
-0.0626041661746868	2.13050475389452
-0.0497630585596986	2.31152985599032
-0.0369219509447104	2.4624884321963
-0.0240808433297222	2.57583811150606
-0.011239735714734	2.64553396232863
0.00160137190025422	2.66288570393092
0.0144424795152424	2.62971960472187
0.0272835871302307	2.54976790773678
0.0401246947452188	2.42743246199183
0.052965802360207	2.26902400919352
0.0658069099751953	2.08226579072633
0.0786480175901835	1.87572661721957
0.0914891252051717	1.65823085379442
0.10433023282016	1.43829174117975
0.117171340435148	1.22361108333707
0.130012448050136	1.02289273705556
0.142853555665124	0.839779432181269
0.155694663280113	0.676913019819359
0.168535770895101	0.535554622573115
0.181376878510089	0.415746277373678
0.194217986125077	0.316550398274267
0.207059093740066	0.236306281788889
0.219900201355054	0.172882450696752
0.232741308970042	0.123907391811127
0.24558241658503	0.0872281481574669
0.258423524200018	0.0608642287911888
0.271264631815007	0.0416606860255837
0.284105739429995	0.0279582902186306
0.296946847044983	0.0183858088347441
0.309787954659971	0.0118419524302086
0.322629062274959	0.00746670616922981
0.335470169889948	0.00460696816469269
0.348311277504936	0.00278045876126326
0.361152385119924	0.00164091838794871
0.373993492734912	0.00096205818720004
0.3868346003499	0.000562384664737965
0.399675707964889	0.000321511391938572
0.412516815579877	0.000179669767698805
0.425357923194865	9.8109343522588e-05
0.438199030809853	5.23417795472066e-05
0.451040138424841	2.73000771534763e-05
0.46388124603983	1.39705113533326e-05
0.476722353654818	7.12368156248565e-06
0.489563461269806	3.83947985058889e-06
0.502404568884794	2.71189561131115e-06
0.515245676499782	3.02558324035548e-06
0.528086784114771	4.89132247915821e-06
0.540927891729759	9.11526991241532e-06
0.553768999344747	1.73832114784613e-05
0.566610106959735	3.27459800435038e-05
0.579451214574723	6.04106225037968e-05
0.592292322189712	0.000108948721514647
0.6051334298047	0.000192064774873524
0.617974537419688	0.000331100688381049
0.630815645034676	0.000578151527591711
0.643656752649664	0.000989203187968167
0.656497860264653	0.0016550175226152
0.669338967879641	0.00270856257455064
0.682180075494629	0.00433771358904605
0.695021183109617	0.00680073551463205
0.707862290724605	0.0104431418208858
0.720703398339594	0.0157149106749496
0.733544505954582	0.0231866235138425
0.74638561356957	0.0336526870025015
0.759226721184558	0.0484631534865508
0.772067828799546	0.0683477013737885
0.784908936414535	0.0944331648434224
0.797750044029523	0.127875762205372
0.810591151644511	0.169782294634319
0.823432259259499	0.221112038828617
0.836273366874488	0.282563380746789
0.849114474489476	0.354451382528084
0.861955582104464	0.436584552652089
0.874796689719452	0.528548198474476
0.88763779733444	0.628434907236568
0.900478904949429	0.732897735027163
0.913320012564417	0.83862332630741
0.926161120179405	0.941776420254957
0.939002227794393	1.03820184769394
0.951843335409381	1.12367170515131
0.96468444302437	1.19416078156637
0.977525550639358	1.24613013883297
0.990366658254346	1.2767964263787
1.00320776586933	1.28237268417143
1.01604887348432	1.26344581257427
1.02888998109931	1.22220942744774
1.0417310887143	1.16091884867885
1.05457219632929	1.08271721073403
1.06741330394428	0.991389917869974
1.08025441155926	0.891089015088913
1.09309551917425	0.786050309769365
1.10593662678924	0.680325207620826
1.11877773440423	0.577547267671685
1.13161884201922	0.481749703770777
1.1444599496342	0.394700365997326
1.15730105724919	0.317512079239314
1.17014216486418	0.250708859327636
1.18298327247917	0.194243080525723
1.19582438009416	0.147612613872752
1.20866548770915	0.109984351188055
1.22150659532413	0.0803142717491503
1.23434770293912	0.0574560839779692
1.24718881055411	0.0403310316099422
1.2600299181691	0.0280936702515549
1.27287102578409	0.0191977154233607
1.28571213339907	0.0128624016506092
1.29855324101406	0.00844486657378633
1.31139434862905	0.00543051738162839
1.32423545624404	0.00341871803336742
1.33707656385903	0.0021060743185988
1.34991767147402	0.00126913193187755
1.362758779089	0.000747853420431448
1.37559988670399	0.000436648095859882
1.38844099431898	0.000254950599266633
1.40128210193397	0.000145581995417792
1.41412320954896	8.12584866524451e-05
1.42696431716395	4.43169640821872e-05
1.43980542477893	2.3610959778288e-05
1.45264653239392	1.22909726046649e-05
1.46548764000891	6.26255083692505e-06
1.4783287476239	3.14845255220706e-06
1.49116985523889	1.61336214937948e-06
1.50401096285387	9.80244225456642e-07
1.51685207046886	8.69665907311892e-07
1.52969317808385	1.20392136052818e-06
1.54253428569884	2.12169551988095e-06
1.55537539331383	3.98061070666273e-06
1.56821650092882	7.45672889841279e-06
1.5810576085438	1.37158709416037e-05
1.59389871615879	2.46797090454656e-05
1.60673982377378	4.34168619676049e-05
1.61958093138877	7.46966431192157e-05
1.63242203900376	0.000129735381047466
1.64526314661874	0.000221433048924309
1.65810425423373	0.000369579788732008
1.67094536184872	0.000603394824193753
1.68378646946371	0.000964026143959979
1.6966275770787	0.0015078447497122
1.70946868469369	0.00230999663948767
1.72230979230867	0.00346798147141802
1.73515089992366	0.00510493790769449
1.74799200753865	0.00738299956936518
1.76083311515364	0.0106057859991642
1.77367422276863	0.0149203511898191
1.78651533038361	0.0205640688230904
1.7993564379986	0.0277783816171032
1.81219754561359	0.0367916580481965
1.82503865322858	0.0477981110467224
1.83787976084357	0.0609337185637524
1.85072086845856	0.0762505345820412
1.86356197607354	0.093691204810792
1.87640308368853	0.11313072259171
1.88924419130352	0.134180240867511
1.90208529891851	0.156102537219456
1.9149264065335	0.178187582343575
1.92776751414849	0.199621520158763
1.94060862176347	0.219530587345325
1.95344972937846	0.237033951211088
1.96629083699345	0.251301760145182
1.97913194460844	0.261614097749529
1.99197305222343	0.267416120630752
2.00481415983841	0.2679994034717
2.0176552674534	0.263425336710882
2.03049637506839	0.254235680071867
2.04333748268338	0.240930044344059
2.05617859029837	0.224186944419363
2.06901969791336	0.204811147847059
2.08186080552834	0.183675552437899
2.09470191314333	0.16166235635833
2.10754302075832	0.139608024687909
2.12038412837331	0.118256080375993
2.1332252359883	0.0984155304491579
2.14606634360328	0.0804606235513495
2.15890745121827	0.0645893917592633
2.17174855883326	0.0508939717808138
2.18458966644825	0.0393502837819541
2.19743077406324	0.0298428785144521
2.21027188167823	0.022190740416901
2.22311298929321	0.0161720679189177
2.2359540969082	0.0115464566497003
2.24879520452319	0.00808020163560885
2.26163631213818	0.00561822051906971
2.27447741975317	0.00383228676769095
2.28731852736815	0.00256305394000255
2.30015963498314	0.00167982270763812
2.31300074259813	0.00107833464709559
2.32584185021312	0.000677677875141965
2.33868295782811	0.000416760813126551
2.3515240654431	0.000250713850066825
2.36436517305808	0.000147486243374201
2.37720628067307	8.57366721813508e-05
2.39004738828806	4.99939096908546e-05
2.40288849590305	2.850942460726e-05
2.41572960351804	1.58913886910765e-05
2.42857071113303	8.65494503793924e-06
2.44141181874801	4.60448469447218e-06
2.454252926363	2.39289888485349e-06
2.46709403397799	1.21602246326112e-06
2.47993514159298	6.07312479597747e-07
2.49277624920797	3.04381889517927e-07
2.50561735682295	1.71341619339538e-07
2.51845846443794	1.30900642680921e-07
2.53129957205293	1.57394786368817e-07
2.54414067966792	2.60791676552275e-07
2.55698178728291	4.80167580922351e-07
2.5698228948979	8.94078497563378e-07
2.58266400251288	1.63994169783314e-06
2.59550511012787	2.94486393341489e-06
2.60834621774286	5.17125586770043e-06
2.62118732535785	8.88146400585199e-06
2.63402843297284	1.53491350348578e-05
2.64686954058782	2.61418127075858e-05
2.65971064820281	4.35383338297567e-05
2.6725517558178	7.09313024508357e-05
2.68539286343279	0.000113083731588647
2.69823397104778	0.00017649997091164
2.71107507866277	0.000269821759447576
2.72391618627775	0.000404221811576206
2.73675729389274	0.00059375729370004
2.74959840150773	0.000855880632044316
2.76243950912272	0.00122666928777078
2.77528061673771	0.00172174261400362
2.7881217243527	0.00236756969241794
2.80096283196768	0.00319083798802059
2.81380393958267	0.00421648174087716
2.82664504719766	0.00546528576404379
2.83948615481265	0.00695117914142554
2.85232726242764	0.00867838292004399
2.86516837004262	0.0106386219212997
2.87800947765761	0.0128139421266341
2.8908505852726	0.0151621901425193
2.90369169288759	0.0175976940144185
2.91653280050258	0.020039951917588
2.92937390811757	0.0223975618642533
2.94221501573255	0.0245732689933008
2.95505612334754	0.0264699405898116
2.96789723096253	0.027997040397598
2.98073833857752	0.0290771139236246
2.99357944619251	0.0296517592461985
3.00642055380749	0.0296517592461985
3.01926166142248	0.0290771139236245
3.03210276903747	0.0279970403975979
3.04494387665246	0.0264699405898115
3.05778498426745	0.0245732689933007
3.07062609188244	0.0223975618642533
3.08346719949742	0.0200399519175878
3.09630830711241	0.0175976940144183
3.1091494147274	0.0151621901425193
3.12199052234239	0.012813942126634
3.13483162995738	0.0106386219212994
3.14767273757236	0.00867838292004382
3.16051384518735	0.00695117914142545
3.17335495280234	0.00546528576404368
3.18619606041733	0.0042164817408771
3.19903716803232	0.00319083798802047
3.21187827564731	0.00236756969241766
3.22471938326229	0.00172174261400301
3.23756049087728	0.00122666928776911
3.25040159849227	0.000855880632040131
3.26324270610726	0.000593757293687673
3.27608381372225	0.000404221811538885
3.28892492133724	0.000269821759338665
3.30176602895222	0.000176499970602033
3.31460713656721	0.000113083730733666
3.3274482441822	7.09313001605587e-05
3.34028935179719	4.3538327885915e-05
3.35313045941218	2.61417977866007e-05
3.36597156702716	1.53490988809211e-05
3.37881267464215	8.88137758736586e-06
3.39165378225714	5.17103743730082e-06
3.40449488987213	2.94432601790832e-06
3.41733599748712	1.63865129564962e-06
3.43017710510211	8.91063725202983e-07
3.44301821271709	4.73309497293745e-07
3.45585932033208	2.45605016786347e-07
3.46870042794707	1.24666942125856e-07
3.48154153556206	6.22815308974415e-08
3.49438264317705	3.14099370700686e-08
3.50722375079203	1.80501229111971e-08
3.52006485840702	1.46437578970778e-08
3.53290596602201	1.87073073213837e-08
3.545747073637	3.18263035013812e-08
3.55858818125199	5.8977656350197e-08
3.57142928886698	1.09860551800179e-07
3.58427039648196	2.01286895585991e-07
3.59711150409695	3.60932944913676e-07
3.60995261171194	6.32856259918563e-07
3.62279371932693	1.08528300777785e-06
3.63563482694192	1.86691807129823e-06
3.6484759345569	3.17359452406718e-06
3.66131704217189	5.27545392215509e-06
3.67415814978688	8.5782011789575e-06
3.68699925740187	1.36498057445156e-05
3.69984036501686	2.12635786085494e-05
3.71268147263185	3.24437207703551e-05
3.72552258024683	4.85099590883587e-05
3.73836368786182	7.1116715432501e-05
3.75120479547681	0.000102281033362613
3.7640459030918	0.000146157679110284
3.77688701070679	0.000204709720492763
3.78972811832178	0.000280895448315293
3.80256922593676	0.000377757955879184
3.81541033355175	0.00049810485799943
3.82825144116674	0.000644227490896418
3.84109254878173	0.000817587237459097
3.85393365639672	0.00101848890571328
3.8667747640117	0.00124576620821724
3.87961587162669	0.00149691240982281
3.89245697924168	0.001767190185923
3.90529808685667	0.00204635894124481
3.91813919447166	0.00232500699288483
3.93098030208664	0.00259254617527922
3.94382140970163	0.0028378094230299
3.95666251731662	0.00304974739676019
3.96950362493161	0.00321817316546667
3.9823447325466	0.00333449793304912
3.99518584016159	0.00339239751229996
4.00802694777657	0.00338501418519931
4.02086805539156	0.003311570857589
4.03370916300655	0.00318103493854664
4.04655027062154	0.00300042976216569
4.05939137823653	0.00277886819424457
4.07223248585152	0.00252685468555392
4.0850735934665	0.0022555390170073
4.09791470108149	0.00197598148379059
4.11075580869648	0.00169848406161406
4.12359691631147	0.00143203446318622
4.13643802392646	0.00118596461785811
4.14927913154144	0.000965196640278988
4.16212023915643	0.000771312893212027
4.17496134677142	0.000605039380338248
4.18780245438641	0.00046571719048357
4.2006435620014	0.000351625083760915
4.21348466961639	0.00026030466864677
4.22632577723137	0.000188865204934387
4.23916688484636	0.000134250455685547
4.25200799246135	9.34556907512293e-05
4.26484910007634	6.46194671852124e-05
4.27769020769133	4.38984996356858e-05
4.29053131530631	2.9240463783773e-05
4.3033724229213	1.90866423810235e-05
4.31621353053629	1.22028625254665e-05
4.32905463815128	7.63790901614331e-06
4.34189574576627	4.67822478234815e-06
4.35473685338126	2.8029490038322e-06
4.36757796099624	1.64221763189466e-06
4.38041906861123	9.45521483343174e-07
4.39326017622622	5.49566279367313e-07
4.40610128384121	3.12366321297452e-07
4.4189423914562	1.73534605778468e-07
4.43178349907118	9.41928925233938e-08
4.44462460668617	4.99418625729167e-08
4.45746571430116	2.58710321592064e-08
4.47030682191615	1.31167012058076e-08
4.48314792953114	6.5609386363319e-09
4.49598903714613	3.34427286794635e-09
4.50883014476111	1.9900772066758e-09
4.5216712523761	1.75484444829354e-09
4.53451235999109	2.41216691858728e-09
4.54735346760608	4.22551244573624e-09
4.56019457522107	7.88632598064546e-09
4.57303568283606	1.47006344417665e-08
4.58587679045104	2.69111079202377e-08
4.59871789806603	4.81955007290566e-08
4.61155900568102	8.43950097008683e-08
4.62440011329601	1.44538479882615e-07
4.637241220911	2.47551972696261e-07
4.65008232852598	4.20103403020795e-07
4.66292343614097	6.97144818539058e-07
4.67576454375596	1.1316511424702e-06
4.68860565137095	1.79758934341134e-06
4.70144675898594	2.79538781269781e-06
4.71428786660092	4.2576635726099e-06
4.72712897421591	6.35475518824367e-06
4.7399700818309	9.2994605267451e-06
4.75281118944589	1.33502256237676e-05
4.76565229706088	1.90188957224235e-05
4.77849340467587	2.65853266297775e-05
4.79133451229085	3.64066041667298e-05
4.80417561990584	4.88621694381002e-05
4.81701672752083	6.42976102368334e-05
4.82985783513582	8.29886988836215e-05
4.84269894275081	0.00010510164820891
4.8555400503658	0.000130652223103952
4.86838115798078	0.000159466965829375
4.88122226559577	0.000191177513297451
4.89406337321076	0.000225198678457714
4.90690448082575	0.000260195402108344
4.91974558844074	0.000294964917275338
4.93258669605572	0.000328166142955923
4.94542780367071	0.000358396958203893
4.9582689112857	0.000384282968778176
4.97111001890069	0.000404571144471285
4.98395112651568	0.000418221056793824
4.99679223413067	0.00042448615828253
5.00963334174565	0.000422640326507344
5.02247444936064	0.000412489287928793
5.03531555697563	0.000395286587741313
5.04815666459062	0.000371953560129551
5.06099777220561	0.000343661651007637
5.0738388798206	0.000311743270524721
5.08667998743558	0.000277597923306057
5.09952109505057	0.000242601037744903
5.11236220266556	0.00020802214738063
5.12520331028055	0.000174958026638462
5.13804441789554	0.000144516568239701
5.15088552551052	0.000117329156745474
5.16372663312551	9.3533062147291e-05
5.1765677407405	7.31916712442729e-05
5.18940884835549	5.62006933580519e-05
5.20224995597048	4.23289514086863e-05
5.21509106358547	3.12589092497998e-05
5.22793217120045	2.26241977405237e-05
5.24077327881544	1.60420898665882e-05
5.25361438643043	1.11395852376329e-05
5.26645549404542	7.6751484654407e-06
5.27929660166041	5.20189032602514e-06
5.29213770927539	3.4568493281655e-06
5.30497881689038	2.25115376127301e-06
5.31781992450537	1.43585355300969e-06
5.33066103212036	8.96578139710294e-07
5.34350213973535	5.47837631659564e-07
5.35634324735034	3.27442268836092e-07
5.36918435496532	1.91377457791437e-07
5.38202546258031	1.09599521159076e-07
5.3948665701953	6.35761090744957e-08
5.40770767781029	3.60626962800137e-08
5.42054878542528	1.99942675827901e-08
5.43338989304026	1.08333213614227e-08
5.44623100065525	5.74020666505694e-09
5.45907210827024	2.98653205897866e-09
5.47191321588523	1.55289612527177e-09
5.48475432350022	8.62879188976619e-10
5.49759543111521	6.15274253095814e-10
5.51043653873019	7.00013450900815e-10
5.52327764634518	1.17939777448545e-09
5.53611875396017	2.24950818404176e-09
5.54895986157516	4.36553977426266e-09
5.56180096919015	8.35618263451965e-09
5.57464207680514	1.56567578961624e-08
5.58748318442012	2.86699682877757e-08
5.60032429203511	5.13026063813883e-08
5.6131653996501	8.97375920761146e-08
5.62600650726509	1.53511809705347e-07
5.63884761488008	2.61834772654577e-07
5.65168872249506	4.43666637260337e-07
5.66452983011005	7.35115395909815e-07
5.67737093772504	1.19143229250008e-06
5.69021204534003	1.88957275138265e-06
5.70305315295502	2.93374961474065e-06
5.71589426057001	4.46119199277479e-06
5.72873536818499	6.64762821532916e-06
5.74157647579998	9.71186034638456e-06
5.75441758341497	1.39186449908121e-05
5.76725869102996	1.97714044695853e-05
5.78009979864495	2.75861577623426e-05
5.79294090625993	3.77064435597084e-05
5.80578201387492	5.05106746887095e-05
5.81862312148991	6.63389624020335e-05
5.8314642291049	8.54562984797971e-05
5.84430533671989	0.000108012289742953
5.85714644433488	0.000134000228527357
5.86998755194986	0.000163218882568254
5.88282865956485	0.000195246702303691
5.89566976717984	0.000229502431973845
5.90851087479483	0.000264597232135655
5.92135198240982	0.000299302156888367
5.9341930900248	0.000332258782627477
5.94703419763979	0.000362059040879799
5.95987530525478	0.000387335640975292
5.97271641286977	0.00040685621632956
5.98555752048476	0.000419613787254284
5.99839862809975	0.000424905968394969
6.01123973571473	0.000422137220732349
6.02408084332972	0.000411016133956699
6.03692195094471	0.000392929381234534
6.0497630585597	0.000368841528002314
6.06260416617469	0.00033995608008535
6.07544527378967	0.000307624473980578
6.08828638140466	0.000273251665934366
6.10112748901965	0.000238205685590435
6.11396859663464	0.00020373763535803
6.12680970424963	0.00017091747231501
6.13965081186462	0.000140793286183668
6.1524919194796	0.000114015628989518
6.16533302709459	9.06594106503945e-05
6.17817413470958	7.07607570205746e-05
6.19101524232457	5.41935870836203e-05
6.20385634993956	4.07108476443606e-05
6.21669745755455	2.99849011840171e-05
6.22953856516953	2.16444644279548e-05
6.24237967278452	1.53061956853064e-05
6.25522078039951	1.05997378527244e-05
6.2680618880145	7.27539225408992e-06
6.28090299562949	4.91833092184247e-06
