8.08393509568134	7.23750888929063e-07
8.1716692048959	1.07095240038627e-06
8.25940331411045	1.57043446033936e-06
8.347137423325	2.26902102165944e-06
8.43487153253956	3.21134262008695e-06
8.52260564175411	4.45409474410944e-06
8.61033975096867	6.05707616144711e-06
8.69807386018322	8.07999533865301e-06
8.78580796939778	1.05784273191808e-05
8.87354207861233	1.35990889022371e-05
8.96127618782688	1.71746943794446e-05
9.04901029704144	2.13187492870277e-05
9.13674440625599	2.60755334124011e-05
9.22447851547055	3.13388705603811e-05
9.3122126246851	3.70169200288612e-05
9.39994673389966	4.30029332165401e-05
9.48768084311421	4.91711325317699e-05
9.57541495232877	5.53850064665425e-05
9.66314906154332	6.15072409920146e-05
9.75088317075788	6.74105411834307e-05
9.83861727997243	7.29884855547052e-05
9.92635138918698	7.81608975246248e-05
10.0140854984015	8.28482795791457e-05
10.1018196076161	8.71286327045812e-05
10.1895537168306	9.10765323356145e-05
10.2772878260452	9.48060457409706e-05
10.3650219352598	9.84644006754888e-05
10.4527560444743	0.000102224554677164
10.5404901536889	0.000106277362375561
10.6282242629034	0.000110823928032312
10.715958372118	0.000116068597857896
10.8036924813325	0.000122257526224195
10.8914265905471	0.000129673850382518
10.9791606997616	0.000138410345437687
11.0668948089762	0.000148624233816827
11.1546289181907	0.000160455482649723
11.2423630274053	0.000174027391565135
11.3300971366199	0.000189448807316495
11.4178312458344	0.00020681794469243
11.505565355049	0.000226227532363412
11.5932994642635	0.000247770709292478
11.6810335734781	0.000271709394540064
11.7687676826926	0.000298159529655358
11.8565017919072	0.000327105952934463
11.9442359011217	0.000358662649088906
12.0319700103363	0.000392922891498921
12.1197041195508	0.0004299416282208
12.2074382287654	0.00046971856170834
12.29517233798	0.000512185049516058
12.3829064471945	0.000557197850811752
12.4706405564091	0.00060454236916567
12.5583746656236	0.000654112519143977
12.6461087748382	0.000705426317597862
12.7338428840527	0.00075816133585633
12.8215769932673	0.00081212974518772
12.9093111024818	0.000867240260782436
12.9970452116964	0.000923509205838463
13.0847793209109	0.000981056925251954
13.1725134301255	0.00104009068336843
13.2602475393401	0.00110087713100463
13.3479816485546	0.00116370925314569
13.4357157577692	0.00122921089683353
13.5234498669837	0.00129737340952278
13.6111839761983	0.00136841281623149
13.6989180854128	0.00144254831597146
13.7866521946274	0.0015200254316446
13.8743863038419	0.00160114066157956
13.9621204130565	0.00168625645136092
14.049854522271	0.00177580177984169
14.1375886314856	0.00187025609172342
14.2253227407002	0.00197027867999903
14.3130568499147	0.00207685094283414
14.4007909591293	0.00218978015004452
14.4885250683438	0.00230932793595077
14.5762591775584	0.00243567984776716
14.6639932867729	0.0025689856803006
14.7517273959875	0.00270941031275451
14.839461505202	0.00285718297658236
14.9271956144166	0.0030126326368305
15.0149297236311	0.00317619825783727
15.1026638328457	0.00334892652093641
15.1903979420602	0.00353160537139886
15.2781320512748	0.00372399684199525
15.3658661604894	0.00392628219025697
15.4536002697039	0.0041384013835989
15.5413343789185	0.00436007303824488
15.629068488133	0.00459086447496013
15.7168025973476	0.00483030122186139
15.8045367065621	0.00507799814523345
15.8922708157767	0.0053337886066444
15.9800049249912	0.00559858765056405
16.0677390342058	0.00587274078881628
16.1554731434203	0.00615675751584177
16.2432072526349	0.00645155837288515
16.3309413618495	0.00675794708973425
16.418675471064	0.00707647735046832
16.5064095802786	0.00740738137514564
16.5941436894931	0.00775057598244723
16.6818777987077	0.00810574874453607
16.7696119079222	0.0084725124482833
16.8573460171368	0.0088519175996321
16.9450801263513	0.0092430251853335
17.0328142355659	0.00964629311491743
17.1205483447804	0.0100626125903009
17.208282453995	0.0104929343661454
17.2960165632096	0.0109380181659642
17.3837506724241	0.0113981964777767
17.4714847816387	0.011873204776466
17.5592188908532	0.0123621222703753
17.6469530000678	0.0128636045404546
17.7346871092823	0.013376568081175
17.8224212184969	0.0138979945670524
17.9101553277114	0.0144268766075119
17.997889436926	0.0149629567060857
18.0856235461405	0.0155066889910858
18.1733576553551	0.0160590241126469
18.2610917645697	0.0166210613897607
18.3488258737842	0.0171936355147994
18.4365599829988	0.0177769215034636
18.5242940922133	0.0183704848413908
18.6120282014279	0.0189723340575077
18.6997623106424	0.0195789648822782
18.787496419857	0.0201878410989265
18.8752305290715	0.0207971598394924
18.9629646382861	0.0214063278529891
19.0506987475006	0.0220162230922252
19.1384328567152	0.0226291940126363
19.2261669659298	0.0232487912746706
19.3139010751443	0.0238792698011582
19.4016351843589	0.0245263559559029
19.4893692935734	0.0251939277292888
19.577103402788	0.0258831516042848
19.6648375120025	0.026594977031395
19.7525716212171	0.0273296393603412
19.8403057304316	0.028087146134067
19.9280398396462	0.028867745371491
20.0157739488607	0.0296722527513535
20.1035080580753	0.030502140742345
20.1912421672899	0.0313593308977659
20.2789762765044	0.0322487217816533
20.366710385719	0.0331687493147194
20.4544444949335	0.0341170627181256
20.5421786041481	0.0350900761317007
20.6299127133626	0.0360824863080152
20.7176468225772	0.0370879563665143
20.8053809317917	0.0381000517990084
20.8931150410063	0.0391132588754365
20.9808491502208	0.0401238941842897
21.0685832594354	0.0411307061825194
21.15631736865	0.0421353044903375
21.2440514778645	0.043142017193012
21.3317855870791	0.0441548362328583
21.4195196962936	0.0451767303942839
21.5072538055082	0.0462088033617282
21.5949879147227	0.0472499274632243
21.6827220239373	0.0482968996819617
21.7704561331518	0.049345073913978
21.8581902423664	0.0503893391381419
21.9459243515809	0.0514248825379371
22.0336584607955	0.0524480779222589
22.1213925700101	0.0534597664186476
22.2091266792246	0.0544610579517433
22.2968607884392	0.0554529065721905
22.3845948976537	0.056434790070463
22.4723290068683	0.0574036330482603
22.5600631160828	0.0583532313610422
22.6477972252974	0.0592743547775658
22.7355313345119	0.060155605683734
22.8232654437265	0.0609811717193798
22.910999552941	0.0617390612962617
22.9987336621556	0.0624288328624806
23.0864677713701	0.0630521478995956
23.1742018805847	0.06361622166554
23.2619359897993	0.0641328104920484
23.3496700990138	0.0646165666006827
23.4374042082284	0.0650830718648172
23.5251383174429	0.0655468932309201
23.6128724266575	0.0660200010358852
23.700606535872	0.0665129011919431
23.7883406450866	0.0670297173448912
23.8760747543011	0.0675712782480911
23.9638088635157	0.0681383925100582
24.0515429727302	0.0687319297449525
24.1392770819448	0.0693530267346142
24.2270111911594	0.0700026741446634
24.3147453003739	0.0706807875785517
24.4024794095885	0.0713849763514564
24.490213518803	0.0721093161940031
24.5779476280176	0.0728423120643195
24.6656817372321	0.0735651683966388
24.7534158464467	0.0742597809030901
24.8411499556612	0.0749087401624564
24.9288840648758	0.0754976773294617
25.0166181740903	0.0760172498201559
25.1043522833049	0.0764643513095939
25.1920863925195	0.0768423411377601
25.279820501734	0.0771602314530757
25.3675546109486	0.0774303563715435
25.4552887201631	0.0776663277044597
25.5430228293777	0.0778849963764341
25.6307569385922	0.0780942690483184
25.7184910478068	0.078298180091533
25.8062251570213	0.0784976773164579
25.8939592662359	0.0786919499870431
25.9816933754504	0.0788799243760692
26.069427484665	0.0790615556124032
26.1571615938796	0.0792385861647222
26.2448957030941	0.0794147086853706
26.3326298123087	0.0795949153060956
26.4203639215232	0.0797814408982272
26.5080980307378	0.0799730173649794
26.5958321399523	0.0801643091693326
26.6835662491669	0.0803462020110897
26.7713003583814	0.0805069448808355
26.859034467596	0.0806339256008235
26.9467685768105	0.0807157533649402
27.0345026860251	0.0807442472125884
27.1222367952397	0.0807117758768286
27.2099709044542	0.0806229119517647
27.2977050136688	0.0804874454484713
27.3854391228833	0.0803130301621201
27.4731732320979	0.0801059124428375
27.5609073413124	0.07986925206322
27.648641450527	0.0796022774042641
27.7363755597415	0.0793004188462861
27.8241096689561	0.0789564031299836
27.9118437781706	0.0785621270413625
27.9995778873852	0.0781047588740903
28.0873119965998	0.0775874625954744
28.1750461058143	0.077016243885958
28.2627802150289	0.0764002573950673
28.3505143242434	0.0757514921676626
28.438248433458	0.0750827268873522
28.5259825426725	0.0744054814197578
28.6137166518871	0.0737283518237059
28.7014507611016	0.0730560428341537
28.7891848703162	0.0723893188145973
28.8769189795307	0.0717256573230203
28.9646530887453	0.0710609768384858
29.0523871979598	0.0703935135626382
29.1401213071744	0.0697240821565737
29.227855416389	0.0690561820640754
29.3155895256035	0.0683953458812716
29.4033236348181	0.0677479322835015
29.4910577440326	0.067119644741645
29.5787918532472	0.0665141022246521
29.6665259624617	0.0659324704880191
29.7542600716763	0.0653716775979363
29.8419941808908	0.0648229706790333
29.9297282901054	0.0642791882896714
30.0174623993199	0.0637339927021024
30.1051965085345	0.0631828050444665
30.1929306177491	0.0626231201211991
30.2806647269636	0.0620541693884652
30.3683988361782	0.0614760197894429
30.4561329453927	0.060888304347745
30.5438670546073	0.0602876804970664
30.6316011638218	0.0596672254470243
30.7193352730364	0.0590186839690379
30.8070693822509	0.0583317148160812
30.8948034914655	0.0575964468580846
30.98253760068	0.056805323770104
31.0702717098946	0.0559546749813107
31.1580058191092	0.0550457388819132
31.2457399283237	0.0540849514792209
31.3334740375383	0.0530834191545691
31.4212081467528	0.0520550025398812
31.5089422559674	0.0510196865460202
31.5966763651819	0.0499924045183101
31.6844104743965	0.0489843753043913
31.772144583611	0.0480035627743794
31.8598786928256	0.047054873301231
31.9476128020401	0.0461407881161082
32.0353469112547	0.045262218216985
32.1230810204693	0.0444193548364418
32.2108151296838	0.0436122985704472
32.2985492388984	0.0428456742651765
32.3862833481129	0.0421150510766994
32.4740174573275	0.0414187017867135
32.561751566542	0.0407533496843077
32.6494856757566	0.040113749762793
32.7372197849711	0.0394929126128507
32.8249538941857	0.038882719536692
32.9126880034002	0.038274831369072
33.0004221126148	0.0376617372896054
33.0881562218294	0.0370374269930744
33.1758903310439	0.0363976308596542
33.2636244402585	0.0357441509408645
33.351358549473	0.0350792960585148
33.4390926586876	0.0344060089943404
33.5268267679021	0.0337268599576192
33.6145608771167	0.0330432624714211
33.7022949863312	0.0323550470518633
33.7900290955458	0.0316604629940068
33.8777632047603	0.0309566097160976
33.9654973139749	0.0302394353996888
34.0532314231895	0.029505892247446
34.140965532404	0.0287569932589595
34.2286996416186	0.0279949891786785
34.3164337508331	0.0272240954105132
34.4041678600477	0.0264499099860118
34.4919019692622	0.0256786365138096
34.5796360784768	0.0249162642778981
34.6673701876913	0.0241678517202153
34.7551042969059	0.0234370400104222
34.8428384061204	0.0227275242235837
34.930572515335	0.0220392303772348
35.0183066245496	0.0213709312160181
35.1060407337641	0.0207224134361649
35.1937748429787	0.0200939060775788
35.2815089521932	0.0194862270666726
35.3692430614078	0.0189007127624504
35.4569771706223	0.0183389726446914
35.5447112798369	0.0178025377695276
35.6324453890514	0.0172924904751153
35.720179498266	0.0168120054631507
35.8079136074805	0.016357795327963
35.8956477166951	0.0159278811846703
35.9833818259096	0.0155205205784354
36.0711159351242	0.015134010660308
36.1588500443388	0.0147669027693993
36.2465841535533	0.0144180915948704
36.3343182627679	0.0140867682987764
36.4220523719824	0.0137722528366986
36.509786481197	0.0134738959002974
36.5975205904115	0.013191772169329
36.6852546996261	0.0129219473791719
36.7729888088406	0.0126618696827538
36.8607229180552	0.0124087066771689
36.9484570272698	0.0121596306552355
37.0361911364843	0.0119120924765805
37.1239252456989	0.0116640265117454
37.2116593549134	0.0114139444086806
37.299393464128	0.0111608944071398
37.3871275733425	0.0109041198222179
37.4748616825571	0.0106427230071499
37.5625957917716	0.0103760538279591
37.6503299009862	0.0101026419426992
37.7380640102007	0.00982058815732946
37.8257981194153	0.00952779165371259
37.9135322286298	0.00922229064159454
38.0012663378444	0.0089026594059114
38.089000447059	0.00856839746045781
38.1767345562735	0.00822024485705565
38.2644686654881	0.00785988319367198
38.3522027747026	0.00749208641288776
38.4399368839172	0.00712264202262585
38.5276709931317	0.00675709904817584
38.6154051023463	0.00640098446456621
38.7031392115608	0.00605937833293411
38.7908733207754	0.00573657454840701
38.8786074299899	0.00543584951850158
38.9663415392045	0.00515934619344987
39.0540756484191	0.00490806650350736
39.1418097576336	0.00468425757630207
39.2295438668482	0.00448485470681212
39.3172779760627	0.00430706105780757
39.4050120852773	0.00414836109577127
39.4927461944918	0.00400586950986212
39.5804803037064	0.00387646108436167
39.6682144129209	0.00375690882248769
39.7559485221355	0.00364403498347534
39.84368263135	0.00353487520405858
39.9314167405646	0.00342685039950065
40.0191508497792	0.00331764794816116
40.1068849589937	0.0032061748354846
40.1946190682083	0.00309227766896038
40.2823531774228	0.00297652616052303
40.3700872866374	0.00286009734454234
40.4578213958519	0.00274461203852532
40.5455555050665	0.00263194506084962
40.633289614281	0.00252402907539083
40.7210237234956	0.00242267106355592
40.8087578327101	0.00232964796732501
40.8964919419247	0.00224687742436477
40.9842260511393	0.00217395972430728
41.0719601603538	0.00211084432193851
41.1596942695684	0.0020570258923469
41.2474283787829	0.00201157566288182
41.3351624879975	0.00197318056044277
41.422896597212	0.00194019158109459
41.5106307064266	0.00191068454784373
41.5983648156411	0.00188253738962445
41.6860989248557	0.00185333485397105
41.7738330340702	0.0018204235870109
41.8615671432848	0.0017820352074025
41.9493012524994	0.00173675051168803
42.0370353617139	0.00168368210954309
42.1247694709285	0.00162254303306614
42.212503580143	0.00155366639382804
42.3002376893576	0.00147797351806448
42.3879717985721	0.0013968928027657
42.4757059077867	0.00131223625935561
42.5634400170012	0.00122613238029017
42.6511741262158	0.00114109727294154
42.7389082354303	0.00105904125624808
42.8266423446449	0.000981514409299505
42.9143764538595	0.000909707386766438
43.002110563074	0.000844430119833484
43.0898446722886	0.000786121123072588
43.1775787815031	0.000734880583506407
43.2653128907177	0.000690519786208149
43.3530469999322	0.000652619418782857
43.4407811091468	0.000621155201477329
43.5285152183613	0.000594721790604128
43.6162493275759	0.000572476405866413
43.7039834367904	0.000553672327974739
43.791717546005	0.000537605907519212
43.8794516552195	0.000523642198508023
43.9671857644341	0.000511234002943789
44.0549198736487	0.000499933650322908
44.1426539828632	0.000489396915064463
44.2303880920778	0.000479383713170425
44.3181222012923	0.000469757388681969
44.4058563105069	0.000460388409351807
44.4935904197214	0.000451233159477913
44.581324528936	0.000442256365915837
44.6690586381505	0.00043341845616726
44.7567927473651	0.000424669450317068
44.8445268565796	0.000415948918402089
44.9322609657942	0.000407190728124641
45.0199950750088	0.000398330665754659
45.1077291842233	0.000389305939271061
45.1954632934379	0.000380066534756539
45.2831974026524	0.000370609695495353
45.370931511867	0.000360925366579202
45.4586656210815	0.000351000237100141
45.5463997302961	0.000340809426248349
45.6341338395106	0.000330311274425307
45.7218679487252	0.000319446589191797
45.8096020579397	0.000308142972125584
45.8973361671543	0.000296324069968738
45.9850702763689	0.000283877680232327
46.0728043855834	0.000270774840286826
46.160538494798	0.000257067968943285
46.2482726040125	0.000242823837702598
46.3360067132271	0.000228152818021523
46.4237408224416	0.000213199843568434
46.5114749316562	0.000198131544563252
46.5992090408707	0.000183121446031815
46.6869431500853	0.000168335235418911
46.7746772592998	0.000153918059481986
46.8624113685144	0.000140044169139331
46.950145477729	0.000126763380313514
47.0378795869435	0.000114101656546714
47.1256136961581	0.000102079040351698
47.2133478053726	9.07046186948726e-05
47.3010819145872	7.99839393675274e-05
47.3888160238017	6.99245786950905e-05
47.4765501330163	6.05393124389675e-05
47.5642842422308	5.18466989709741e-05
47.6520183514454	4.38706533692384e-05
47.7397524606599	3.67283561176278e-05
47.8274865698745	3.03422239949237e-05
47.9152206790891	2.47132366510425e-05
48.0029547883036	1.98280857104184e-05
48.0906888975182	1.56585837222583e-05
48.1784230067327	1.2162568423167e-05
48.2661571159473	9.28605643166415e-06
48.3538912251618	6.96632783843843e-06
48.4416253343764	5.13557930343529e-06
48.5293594435909	3.7353801311738e-06
48.6170935528055	2.71153508528321e-06
48.70482766202	1.96684900177384e-06
48.7925617712346	1.45455019561765e-06
48.8802958804492	1.13878735859571e-06
48.9680299896637	9.95461514334547e-07
49.0557640988783	1.01267747025944e-06
49.1434982080928	1.19086585215404e-06
49.2312323173074	1.54259466545759e-06
49.3189664265219	2.09205383312635e-06
49.4067005357365	2.89143838027071e-06
49.494434644951	3.99873565815516e-06
49.5821687541656	5.45020009035645e-06
49.6699028633801	7.2987694015563e-06
49.7576369725947	9.59290261233419e-06
49.8453710818093	1.23708641776593e-05
49.9331051910238	1.56545668780775e-05
50.0208393002384	1.94433781307214e-05
50.1085734094529	2.37083826254929e-05
50.1963075186675	2.83876675123576e-05
50.284041627882	3.33954407858407e-05
50.3717757370966	3.85455117942797e-05
50.4595098463111	4.36456424243989e-05
50.5472439555257	4.84961487530986e-05
50.6349780647402	5.28897520645925e-05
50.7227121739548	5.66249474342422e-05
50.8104462831693	5.95199050935989e-05
50.8981803923839	6.14257977770183e-05
50.9859145015985	6.22384385984885e-05
51.073648610813	6.19071618376522e-05
51.1613827200276	6.03185725875645e-05
51.2491168292421	5.76905601898245e-05
51.3368509384567	5.41765289187011e-05
51.4245850476712	4.99533662114857e-05
51.5123191568858	4.52198285885853e-05
51.6000532661003	4.01825766641259e-05
51.6877873753149	3.5042844058893e-05
51.7755214845294	2.9984686270071e-05
51.863255593744	2.51655750629195e-05
51.9509897029586	2.07183435366132e-05
52.0387238121731	1.67797060477101e-05
52.1264579213877	1.334432349316e-05
52.2141920306022	1.04174224305836e-05
52.3019261398168	7.98035687768395e-06
52.3896602490313	5.99672638927882e-06
52.4773943582459	4.41833602520517e-06
52.5651284674604	3.19062363075798e-06
52.652862576675	2.25728603534688e-06
52.7405966858895	1.56393924010264e-06
52.8283307951041	1.06738182621036e-06
52.9160649043187	7.21778868997519e-07
